2 0.3212890625 0.0625 0.029296875 0.10243055555555555
2 0.35205078125 0.09895833333333333 0.0126953125 0.028645833333333332
2 0.38623046875 0.1579861111111111 0.01171875 0.03298611111111111
2 0.47265625 0.1171875 0.0107421875 0.04861111111111111
2 0.494140625 0.13368055555555555 0.02392578125 0.05381944444444445
2 0.5234375 0.109375 0.017578125 0.05295138888888889
2 0.49658203125 0.09809027777777778 0.005859375 0.0234375
2 0.5009765625 0.0685763888888889 0.009765625 0.027777777777777776
2 0.482421875 0.059895833333333336 0.00341796875 0.008680555555555556
2 0.5068359375 0.024305555555555556 0.00537109375 0.021701388888888888
2 0.554443359375 0.022135416666666668 0.01025390625 0.044270833333333336
2 0.536865234375 0.03125 0.01220703125 0.0625
2 0.546875 0.3272569444444444 0.01513671875 0.08333333333333333
2 0.4736328125 0.4279513888888889 0.02734375 0.0546875
2 0.53271484375 0.5928819444444444 0.01318359375 0.036458333333333336
2 0.58984375 0.3559027777777778 0.00830078125 0.029513888888888888
2 0.67138671875 0.3854166666666667 0.0068359375 0.0234375
2 0.64599609375 0.4001736111111111 0.00537109375 0.04861111111111111
2 0.7294921875 0.014756944444444444 0.005859375 0.029513888888888888
2 0.583984375 0.013020833333333334 0.00390625 0.015625
2 0.54638671875 0.0234375 0.0087890625 0.046875
2 0.53369140625 0.21180555555555555 0.00341796875 0.013020833333333334