2 0.25390625 0.8177083333333334 0.0576171875 0.052083333333333336
2 0.2744140625 0.7630208333333334 0.01611328125 0.022569444444444444
2 0.3076171875 0.7022569444444444 0.0185546875 0.020833333333333332
2 0.14111328125 0.7899305555555556 0.03466796875 0.026909722222222224
2 0.28466796875 0.5486111111111112 0.02734375 0.019097222222222224
2 0.2939453125 0.5104166666666666 0.0302734375 0.042534722222222224
2 0.2802734375 0.4583333333333333 0.02978515625 0.03125
2 0.27392578125 0.5060763888888888 0.01318359375 0.010416666666666666
2 0.25732421875 0.4982638888888889 0.015625 0.017361111111111112
2 0.25244140625 0.53125 0.0048828125 0.006076388888888889
2 0.232421875 0.4878472222222222 0.01220703125 0.009548611111111112
2 0.2294921875 0.4027777777777778 0.0283203125 0.018229166666666668
2 0.23291015625 0.4340277777777778 0.0419921875 0.021701388888888888
2 0.087890625 0.6380208333333334 0.015625 0.015625
2 0.0830078125 0.5407986111111112 0.01953125 0.013020833333333334
2 0.06201171875 0.3151041666666667 0.02734375 0.013888888888888888
2 0.08935546875 0.3237847222222222 0.01025390625 0.0078125
2 0.04931640625 0.4045138888888889 0.01416015625 0.011284722222222222
2 0.01904296875 0.13541666666666666 0.02197265625 0.014756944444444444
2 0.00830078125 0.2482638888888889 0.01611328125 0.015625
2 0.02734375 0.2421875 0.00732421875 0.0078125
2 0.11181640625 0.1605902777777778 0.02734375 0.015625
2 0.19775390625 0.3663194444444444 0.01611328125 0.013020833333333334
2 0.40283203125 0.4166666666666667 0.046875 0.026909722222222224
2 0.45947265625 0.546875 0.03076171875 0.04861111111111111
2 0.55224609375 0.4418402777777778 0.0205078125 0.0234375
2 0.4189453125 0.3402777777777778 0.0166015625 0.014756944444444444
2 0.435546875 0.1953125 0.01318359375 0.012152777777777778
2 0.44384765625 0.2404513888888889 0.02734375 0.009548611111111112
2 0.22412109375 0.0920138888888889 0.0224609375 0.010416666666666666
2 0.1865234375 0.09288194444444445 0.0166015625 0.006944444444444444
2 0.19482421875 0.4331597222222222 0.03125 0.019965277777777776
2 0.22607421875 0.3506944444444444 0.0087890625 0.006944444444444444
2 0.18896484375 0.4982638888888889 0.01318359375 0.012152777777777778
2 0.23193359375 0.4175347222222222 0.0263671875 0.015625
2 0.13232421875 0.6223958333333334 0.02978515625 0.03819444444444445
2 0.15234375 0.4487847222222222 0.0048828125 0.006076388888888889
2 0.337890625 0.4401041666666667 0.00732421875 0.006076388888888889