2 0.126953125 0.8237847222222222 0.02294921875 0.04079861111111111
2 0.2314453125 0.8394097222222222 0.05908203125 0.049479166666666664
2 0.08544921875 0.8055555555555556 0.02294921875 0.024305555555555556
2 0.29638671875 0.7256944444444444 0.01806640625 0.025173611111111112
2 0.25390625 0.7803819444444444 0.01611328125 0.020833333333333332
2 0.123046875 0.6397569444444444 0.0458984375 0.046875
2 0.068359375 0.6553819444444444 0.01708984375 0.015625
2 0.28564453125 0.5625 0.02294921875 0.015625
2 0.2939453125 0.5251736111111112 0.03076171875 0.041666666666666664
2 0.28173828125 0.4713541666666667 0.0283203125 0.030381944444444444
2 0.18994140625 0.4487847222222222 0.029296875 0.022569444444444444
2 0.22802734375 0.4166666666666667 0.02978515625 0.016493055555555556
2 0.39990234375 0.4244791666666667 0.0380859375 0.0234375
2 0.2294921875 0.4314236111111111 0.0283203125 0.015625
2 0.23291015625 0.4496527777777778 0.04345703125 0.019097222222222224
2 0.255859375 0.5130208333333334 0.0146484375 0.015625
2 0.2294921875 0.5034722222222222 0.01220703125 0.010416666666666666
2 0.18212890625 0.5130208333333334 0.01318359375 0.013020833333333334
2 0.45849609375 0.5572916666666666 0.037109375 0.051215277777777776
2 0.1943359375 0.3802083333333333 0.01611328125 0.012152777777777778
2 0.04736328125 0.3298611111111111 0.02685546875 0.012152777777777778
2 0.009765625 0.2569444444444444 0.00830078125 0.006944444444444444
2 0.06640625 0.5529513888888888 0.01953125 0.009548611111111112
2 0.1142578125 0.5590277777777778 0.009765625 0.012152777777777778
2 0.32470703125 0.7352430555555556 0.009765625 0.013020833333333334
2 0.4501953125 0.8046875 0.01025390625 0.011284722222222222
2 0.482421875 0.7734375 0.0185546875 0.013020833333333334
2 0.38818359375 0.8142361111111112 0.0078125 0.011284722222222222
2 0.33837890625 0.4522569444444444 0.0048828125 0.006076388888888889
2 0.416015625 0.3411458333333333 0.0234375 0.018229166666666668
2 0.0068359375 0.15104166666666666 0.013671875 0.015625
2 0.09912109375 0.17447916666666666 0.02783203125 0.013888888888888888
2 0.208984375 0.10069444444444445 0.0224609375 0.011284722222222222
2 0.1728515625 0.10243055555555555 0.0185546875 0.009548611111111112
2 0.19580078125 0.46875 0.00732421875 0.008680555555555556
2 0.2724609375 0.5208333333333334 0.013671875 0.014756944444444444
2 0.2490234375 0.5486111111111112 0.005859375 0.009548611111111112
2 0.142578125 0.4635416666666667 0.0068359375 0.0078125
2 0.22412109375 0.3611111111111111 0.01025390625 0.010416666666666666
2 0.22607421875 0.5972222222222222 0.01416015625 0.010416666666666666
2 0.52294921875 0.5668402777777778 0.01025390625 0.011284722222222222
2 0.22314453125 0.4869791666666667 0.0087890625 0.011284722222222222
2 0.17041015625 0.4479166666666667 0.00830078125 0.009548611111111112
2 0.099609375 0.3350694444444444 0.0107421875 0.011284722222222222
2 0.07763671875 0.3359375 0.0107421875 0.008680555555555556
2 0.4306640625 0.24739583333333334 0.03076171875 0.014756944444444444
2 0.42333984375 0.20225694444444445 0.0205078125 0.014756944444444444
2 0.4208984375 0.22395833333333334 0.013671875 0.0078125