2 0.690673828125 0.9622395833333334 0.02783203125 0.07552083333333333
2 0.626953125 0.8619791666666666 0.01416015625 0.03211805555555555
2 0.65771484375 0.9375 0.01171875 0.028645833333333332
2 0.53515625 0.8810763888888888 0.0087890625 0.04079861111111111
2 0.51416015625 0.8663194444444444 0.0234375 0.0546875
2 0.48388671875 0.8880208333333334 0.01708984375 0.050347222222222224
2 0.452880859375 0.9782986111111112 0.00927734375 0.043402777777777776
2 0.45751953125 0.6779513888888888 0.01318359375 0.06770833333333333
2 0.46142578125 0.9778645833333334 0.0087890625 0.044270833333333336
2 0.4716796875 0.9678819444444444 0.0107421875 0.0642361111111111
2 0.50732421875 0.9340277777777778 0.0087890625 0.026041666666666668
2 0.501953125 0.9809027777777778 0.005859375 0.021701388888888888
2 0.5322265625 0.5737847222222222 0.02880859375 0.06597222222222222
2 0.63232421875 0.8116319444444444 0.00732421875 0.017361111111111112
2 0.67138671875 0.5885416666666666 0.00634765625 0.018229166666666668
2 0.65380859375 0.53125 0.00732421875 0.03298611111111111
2 0.6767578125 0.6987847222222222 0.00634765625 0.013888888888888888
2 0.47314453125 0.7873263888888888 0.00341796875 0.008680555555555556
2 0.41064453125 0.6493055555555556 0.01025390625 0.041666666666666664
2 0.51171875 0.9045138888888888 0.00830078125 0.024305555555555556
2 0.52734375 0.9461805555555556 0.00537109375 0.010416666666666666
2 0.421875 0.9904513888888888 0.005859375 0.018229166666666668
2 0.5546875 0.9869791666666666 0.005859375 0.025173611111111112
2 0.53759765625 0.4592013888888889 0.00634765625 0.018229166666666668
2 0.49267578125 0.9921875 0.00634765625 0.015625
2 0.35791015625 0.6232638888888888 0.00830078125 0.0546875
2 0.33251953125 0.6362847222222222 0.00830078125 0.036458333333333336
2 0.3447265625 0.640625 0.00439453125 0.024305555555555556