2 0.14990234375 0.8133680555555556 0.0244140625 0.044270833333333336
2 0.25439453125 0.8211805555555556 0.05712890625 0.05381944444444445
2 0.2734375 0.7630208333333334 0.015625 0.0234375
2 0.314453125 0.7118055555555556 0.01904296875 0.026041666666666668
2 0.341796875 0.7204861111111112 0.009765625 0.018229166666666668
2 0.46923828125 0.5512152777777778 0.0322265625 0.04861111111111111
2 0.533203125 0.5633680555555556 0.01025390625 0.010416666666666666
2 0.54931640625 0.4470486111111111 0.02587890625 0.03211805555555555
2 0.408203125 0.4184027777777778 0.0400390625 0.026041666666666668
2 0.2919921875 0.4635416666666667 0.02978515625 0.03125
2 0.30419921875 0.5173611111111112 0.0302734375 0.043402777777777776
2 0.2939453125 0.5538194444444444 0.02880859375 0.017361111111111112
2 0.28369140625 0.5147569444444444 0.013671875 0.012152777777777778
2 0.26123046875 0.5390625 0.0048828125 0.004340277777777778
2 0.26708984375 0.5052083333333334 0.0146484375 0.017361111111111112
2 0.24072265625 0.4947916666666667 0.01318359375 0.010416666666666666
2 0.2353515625 0.4782986111111111 0.00732421875 0.0078125
2 0.23681640625 0.4088541666666667 0.0283203125 0.017361111111111112
2 0.23974609375 0.4227430555555556 0.025390625 0.014756944444444444
2 0.2412109375 0.4401041666666667 0.04296875 0.022569444444444444
2 0.20751953125 0.4592013888888889 0.00634765625 0.0078125
2 0.2021484375 0.4401041666666667 0.0302734375 0.020833333333333332
2 0.18310546875 0.4392361111111111 0.00732421875 0.008680555555555556
2 0.19677734375 0.5026041666666666 0.01220703125 0.011284722222222222
2 0.2041015625 0.3715277777777778 0.01611328125 0.013020833333333334
2 0.23193359375 0.3532986111111111 0.009765625 0.008680555555555556
2 0.15673828125 0.4548611111111111 0.0048828125 0.006076388888888889
2 0.11279296875 0.3255208333333333 0.0126953125 0.011284722222222222
2 0.09228515625 0.3263888888888889 0.01123046875 0.008680555555555556
2 0.09326171875 0.4869791666666667 0.00830078125 0.006944444444444444
2 0.0859375 0.5407986111111112 0.01904296875 0.010416666666666666
2 0.13330078125 0.5477430555555556 0.01025390625 0.013020833333333334
2 0.150390625 0.5243055555555556 0.01123046875 0.014756944444444444
2 0.130859375 0.6241319444444444 0.02099609375 0.03819444444444445
2 0.1064453125 0.7925347222222222 0.02001953125 0.021701388888888888
2 0.08984375 0.6432291666666666 0.017578125 0.013888888888888888
2 0.09326171875 0.5885416666666666 0.0146484375 0.010416666666666666
2 0.10791015625 0.16666666666666666 0.03173828125 0.016493055555555556
2 0.013671875 0.1440972222222222 0.021484375 0.018229166666666668