2 0.3193359375 0.06336805555555555 0.0302734375 0.1015625
2 0.35205078125 0.09722222222222222 0.01318359375 0.027777777777777776
2 0.380859375 0.1701388888888889 0.0146484375 0.033854166666666664
2 0.3759765625 0.21875 0.01025390625 0.017361111111111112
2 0.47119140625 0.4453125 0.02734375 0.057291666666666664
2 0.46435546875 0.5590277777777778 0.005859375 0.018229166666666668
2 0.52978515625 0.5876736111111112 0.01806640625 0.04600694444444445
2 0.5458984375 0.3368055555555556 0.0146484375 0.07118055555555555
2 0.5205078125 0.13020833333333334 0.017578125 0.05295138888888889
2 0.490234375 0.1519097222222222 0.0244140625 0.05381944444444445
2 0.4697265625 0.13368055555555555 0.009765625 0.051215277777777776
2 0.49169921875 0.1154513888888889 0.0068359375 0.024305555555555556
2 0.47802734375 0.07552083333333333 0.00244140625 0.008680555555555556
2 0.4970703125 0.0859375 0.009765625 0.026041666666666668
2 0.5029296875 0.0390625 0.005859375 0.0234375
2 0.51220703125 0.029513888888888888 0.00439453125 0.013020833333333334
2 0.55126953125 0.03211805555555555 0.009765625 0.050347222222222224
2 0.54345703125 0.03732638888888889 0.00830078125 0.04513888888888889
2 0.53369140625 0.03993055555555555 0.0126953125 0.0763888888888889
2 0.58251953125 0.0234375 0.0048828125 0.017361111111111112