2 0.73388671875 0.17881944444444445 0.0576171875 0.050347222222222224
2 0.6787109375 0.2829861111111111 0.01953125 0.022569444444444444
2 0.71728515625 0.2361111111111111 0.01513671875 0.019965277777777776
2 0.65234375 0.2751736111111111 0.0078125 0.010416666666666666
2 0.72607421875 0.2508680555555556 0.01904296875 0.020833333333333332
2 0.693359375 0.4748263888888889 0.0302734375 0.043402777777777776
2 0.701171875 0.4401041666666667 0.0263671875 0.013888888888888888
2 0.70703125 0.5269097222222222 0.02880859375 0.028645833333333332
2 0.76220703125 0.5824652777777778 0.02978515625 0.016493055555555556
2 0.76025390625 0.5677083333333334 0.02880859375 0.015625
2 0.75537109375 0.5503472222222222 0.04296875 0.019965277777777776
2 0.7744140625 0.5651041666666666 0.00732421875 0.005208333333333333
2 0.7890625 0.5338541666666666 0.0068359375 0.0078125
2 0.7548828125 0.4991319444444444 0.01416015625 0.009548611111111112
2 0.7294921875 0.4869791666666667 0.01416015625 0.016493055555555556
2 0.712890625 0.4791666666666667 0.01318359375 0.012152777777777778
2 0.73388671875 0.4548611111111111 0.00537109375 0.006076388888888889
2 0.79736328125 0.4913194444444444 0.0126953125 0.011284722222222222
2 0.79541015625 0.5546875 0.02783203125 0.019097222222222224
2 0.81396484375 0.5538194444444444 0.00830078125 0.009548611111111112
2 0.837890625 0.5399305555555556 0.00537109375 0.005208333333333333
2 0.7958984375 0.6180555555555556 0.015625 0.011284722222222222
2 0.7685546875 0.6362847222222222 0.0087890625 0.0078125
2 0.59326171875 0.5729166666666666 0.04150390625 0.025173611111111112
2 0.57861328125 0.6510416666666666 0.01318359375 0.012152777777777778
2 0.55859375 0.7482638888888888 0.0263671875 0.012152777777777778
2 0.57080078125 0.7708333333333334 0.01513671875 0.0078125
2 0.5703125 0.7942708333333334 0.013671875 0.014756944444444444
2 0.78466796875 0.890625 0.021484375 0.012152777777777778
2 0.89697265625 0.8203125 0.0283203125 0.012152777777777778
2 0.98876953125 0.8446180555555556 0.02099609375 0.013020833333333334
2 0.97412109375 0.7387152777777778 0.0068359375 0.006076388888888889
2 0.93603515625 0.6684027777777778 0.02783203125 0.012152777777777778
2 0.9072265625 0.6631944444444444 0.009765625 0.006944444444444444
2 0.88720703125 0.6640625 0.01171875 0.011284722222222222
2 0.865234375 0.2092013888888889 0.02001953125 0.019965277777777776
2 0.826171875 0.18663194444444445 0.0205078125 0.03993055555555555
2 0.5908203125 0.1970486111111111 0.0068359375 0.0078125
2 0.552734375 0.2612847222222222 0.01220703125 0.012152777777777778
2 0.53173828125 0.20399305555555555 0.009765625 0.010416666666666666
2 0.751953125 0.4079861111111111 0.013671875 0.010416666666666666
2 0.89892578125 0.4557291666666667 0.01904296875 0.009548611111111112
2 0.84619140625 0.3689236111111111 0.03271484375 0.034722222222222224
2 0.8916015625 0.3524305555555556 0.01513671875 0.013888888888888888
2 0.888671875 0.4097222222222222 0.01318359375 0.0078125
2 0.8544921875 0.4479166666666667 0.0087890625 0.011284722222222222