2 0.26611328125 0.8211805555555556 0.0576171875 0.050347222222222224
2 0.3212890625 0.7170138888888888 0.01953125 0.022569444444444444
2 0.28271484375 0.7638888888888888 0.01513671875 0.019965277777777776
2 0.34765625 0.7248263888888888 0.0078125 0.010416666666666666
2 0.27392578125 0.7491319444444444 0.01904296875 0.020833333333333332
2 0.306640625 0.5251736111111112 0.0302734375 0.043402777777777776
2 0.298828125 0.5598958333333334 0.0263671875 0.013888888888888888
2 0.29296875 0.4730902777777778 0.02880859375 0.028645833333333332
2 0.23779296875 0.4175347222222222 0.02978515625 0.016493055555555556
2 0.23974609375 0.4322916666666667 0.02880859375 0.015625
2 0.24462890625 0.4496527777777778 0.04296875 0.019965277777777776
2 0.2255859375 0.4348958333333333 0.00732421875 0.005208333333333333
2 0.2109375 0.4661458333333333 0.0068359375 0.0078125
2 0.2451171875 0.5008680555555556 0.01416015625 0.009548611111111112
2 0.2705078125 0.5130208333333334 0.01416015625 0.016493055555555556
2 0.287109375 0.5208333333333334 0.01318359375 0.012152777777777778
2 0.26611328125 0.5451388888888888 0.00537109375 0.006076388888888889
2 0.20263671875 0.5086805555555556 0.0126953125 0.011284722222222222
2 0.20458984375 0.4453125 0.02783203125 0.019097222222222224
2 0.18603515625 0.4461805555555556 0.00830078125 0.009548611111111112
2 0.162109375 0.4600694444444444 0.00537109375 0.005208333333333333
2 0.2041015625 0.3819444444444444 0.015625 0.011284722222222222
2 0.2314453125 0.3637152777777778 0.0087890625 0.0078125
2 0.40673828125 0.4270833333333333 0.04150390625 0.025173611111111112
2 0.42138671875 0.3489583333333333 0.01318359375 0.012152777777777778
2 0.44140625 0.2517361111111111 0.0263671875 0.012152777777777778
2 0.42919921875 0.22916666666666666 0.01513671875 0.0078125
2 0.4296875 0.20572916666666666 0.013671875 0.014756944444444444
2 0.21533203125 0.109375 0.021484375 0.012152777777777778
2 0.10302734375 0.1796875 0.0283203125 0.012152777777777778
2 0.01123046875 0.15538194444444445 0.02099609375 0.013020833333333334
2 0.02587890625 0.2612847222222222 0.0068359375 0.006076388888888889
2 0.06396484375 0.3315972222222222 0.02783203125 0.012152777777777778
2 0.0927734375 0.3368055555555556 0.009765625 0.006944444444444444
2 0.11279296875 0.3359375 0.01171875 0.011284722222222222
2 0.134765625 0.7907986111111112 0.02001953125 0.019965277777777776
2 0.173828125 0.8133680555555556 0.0205078125 0.03993055555555555
2 0.4091796875 0.8029513888888888 0.0068359375 0.0078125
2 0.447265625 0.7387152777777778 0.01220703125 0.012152777777777778
2 0.46826171875 0.7960069444444444 0.009765625 0.010416666666666666
2 0.248046875 0.5920138888888888 0.013671875 0.010416666666666666
2 0.10107421875 0.5442708333333334 0.01904296875 0.009548611111111112
2 0.15380859375 0.6310763888888888 0.03271484375 0.034722222222222224
2 0.1083984375 0.6475694444444444 0.01513671875 0.013888888888888888
2 0.111328125 0.5902777777777778 0.01318359375 0.0078125
2 0.1455078125 0.5520833333333334 0.0087890625 0.011284722222222222