2 0.6806640625 0.9157986111111112 0.0283203125 0.10243055555555555
2 0.6220703125 0.8177083333333334 0.0126953125 0.034722222222222224
2 0.6484375 0.8862847222222222 0.01123046875 0.026909722222222224
2 0.62646484375 0.7708333333333334 0.005859375 0.013888888888888888
2 0.64013671875 0.9019097222222222 0.01171875 0.033854166666666664
2 0.51416015625 0.84375 0.0244140625 0.05381944444444445
2 0.53369140625 0.8576388888888888 0.0078125 0.046875
2 0.48486328125 0.8680555555555556 0.01611328125 0.051215277777777776
2 0.45361328125 0.9661458333333334 0.00927734375 0.05295138888888889
2 0.4619140625 0.9626736111111112 0.0087890625 0.051215277777777776
2 0.4716796875 0.9539930555555556 0.01123046875 0.0763888888888889
2 0.46337890625 0.9878472222222222 0.0029296875 0.013020833333333334
2 0.50048828125 0.953125 0.00537109375 0.025173611111111112
2 0.50732421875 0.9079861111111112 0.00927734375 0.025173611111111112
2 0.51171875 0.8784722222222222 0.0068359375 0.0234375
2 0.525390625 0.9157986111111112 0.00341796875 0.009548611111111112
2 0.42333984375 0.9774305555555556 0.00439453125 0.015625
2 0.458984375 0.6657986111111112 0.01416015625 0.07378472222222222
2 0.4150390625 0.6397569444444444 0.0068359375 0.0234375
2 0.3603515625 0.6041666666666666 0.0068359375 0.046875
2 0.34765625 0.6258680555555556 0.00439453125 0.026909722222222224
2 0.33447265625 0.625 0.00830078125 0.024305555555555556
2 0.2802734375 0.9934895833333334 0.0068359375 0.013020833333333334
2 0.67041015625 0.6614583333333334 0.00439453125 0.012152777777777778
2 0.63427734375 0.59375 0.0068359375 0.021701388888888888
2 0.66650390625 0.5564236111111112 0.005859375 0.017361111111111112
2 0.5517578125 0.9479166666666666 0.005859375 0.024305555555555556