2 0.34326171875 0.9479166666666666 0.025390625 0.033854166666666664
2 0.089111328125 0.984375 0.03271484375 0.03125
2 0.13671875 0.7256944444444444 0.04736328125 0.06076388888888889
2 0.24951171875 0.5399305555555556 0.0185546875 0.020833333333333332
2 0.24365234375 0.4487847222222222 0.01953125 0.022569444444444444
2 0.314453125 0.4079861111111111 0.04833984375 0.026041666666666668
2 0.32177734375 0.4539930555555556 0.06982421875 0.03732638888888889
2 0.322265625 0.5373263888888888 0.0205078125 0.013020833333333334
2 0.36181640625 0.5581597222222222 0.021484375 0.024305555555555556
2 0.38720703125 0.5729166666666666 0.02099609375 0.013888888888888888
2 0.4072265625 0.5017361111111112 0.05029296875 0.044270833333333336
2 0.404296875 0.6362847222222222 0.04248046875 0.030381944444444444
2 0.4208984375 0.5868055555555556 0.0478515625 0.0703125
2 0.552734375 0.4401041666666667 0.01953125 0.026909722222222224
2 0.31982421875 0.4279513888888889 0.03759765625 0.0234375
2 0.31494140625 0.6831597222222222 0.0234375 0.018229166666666668
2 0.42529296875 0.8967013888888888 0.03173828125 0.03732638888888889
2 0.46337890625 0.9088541666666666 0.01513671875 0.022569444444444444
2 0.26513671875 0.4809027777777778 0.0126953125 0.014756944444444444
2 0.48486328125 0.4765625 0.00927734375 0.011284722222222222
2 0.35107421875 0.6111111111111112 0.00830078125 0.012152777777777778
2 0.26123046875 0.34375 0.02490234375 0.022569444444444444
2 0.06103515625 0.5772569444444444 0.029296875 0.020833333333333332
2 0.30322265625 0.3168402777777778 0.0146484375 0.013888888888888888