2 0.248046875 0.22135416666666666 0.01904296875 0.04513888888888889
2 0.4775390625 0.0546875 0.01171875 0.03298611111111111
2 0.52880859375 0.044270833333333336 0.0126953125 0.034722222222222224
2 0.5517578125 0.1701388888888889 0.0146484375 0.0859375
2 0.52587890625 0.1831597222222222 0.02099609375 0.12413194444444445
2 0.47900390625 0.1840277777777778 0.00732421875 0.036458333333333336
2 0.46728515625 0.2543402777777778 0.013671875 0.03819444444444445
2 0.458984375 0.2994791666666667 0.0078125 0.03732638888888889
2 0.4990234375 0.3350694444444444 0.02490234375 0.08940972222222222
2 0.42333984375 0.3298611111111111 0.01708984375 0.07552083333333333
2 0.451171875 0.359375 0.03955078125 0.08506944444444445
2 0.53369140625 0.59375 0.01513671875 0.034722222222222224
2 0.54052734375 0.1796875 0.01318359375 0.06684027777777778
2 0.39697265625 0.17100694444444445 0.01025390625 0.041666666666666664
2 0.27685546875 0.3671875 0.02099609375 0.05642361111111111
2 0.27001953125 0.4348958333333333 0.0126953125 0.026909722222222224
2 0.5107421875 0.08246527777777778 0.00830078125 0.022569444444444444
2 0.51318359375 0.4730902777777778 0.00634765625 0.016493055555555556
2 0.4375 0.23524305555555555 0.0068359375 0.014756944444444444
2 0.587890625 0.07552083333333333 0.0126953125 0.044270833333333336
2 0.60302734375 0.1501736111111111 0.0078125 0.026041666666666668