2 0.65673828125 0.052083333333333336 0.025390625 0.033854166666666664
2 0.910888671875 0.015625 0.03271484375 0.03125
2 0.86328125 0.2743055555555556 0.04736328125 0.06076388888888889
2 0.75048828125 0.4600694444444444 0.0185546875 0.020833333333333332
2 0.75634765625 0.5512152777777778 0.01953125 0.022569444444444444
2 0.685546875 0.5920138888888888 0.04833984375 0.026041666666666668
2 0.67822265625 0.5460069444444444 0.06982421875 0.03732638888888889
2 0.677734375 0.4626736111111111 0.0205078125 0.013020833333333334
2 0.63818359375 0.4418402777777778 0.021484375 0.024305555555555556
2 0.61279296875 0.4270833333333333 0.02099609375 0.013888888888888888
2 0.5927734375 0.4982638888888889 0.05029296875 0.044270833333333336
2 0.595703125 0.3637152777777778 0.04248046875 0.030381944444444444
2 0.5791015625 0.4131944444444444 0.0478515625 0.0703125
2 0.447265625 0.5598958333333334 0.01953125 0.026909722222222224
2 0.68017578125 0.5720486111111112 0.03759765625 0.0234375
2 0.68505859375 0.3168402777777778 0.0234375 0.018229166666666668
2 0.57470703125 0.1032986111111111 0.03173828125 0.03732638888888889
2 0.53662109375 0.09114583333333333 0.01513671875 0.022569444444444444
2 0.73486328125 0.5190972222222222 0.0126953125 0.014756944444444444
2 0.51513671875 0.5234375 0.00927734375 0.011284722222222222
2 0.64892578125 0.3888888888888889 0.00830078125 0.012152777777777778
2 0.73876953125 0.65625 0.02490234375 0.022569444444444444
2 0.93896484375 0.4227430555555556 0.029296875 0.020833333333333332
2 0.69677734375 0.6831597222222222 0.0146484375 0.013888888888888888