2 0.505859375 0.3194444444444444 0.0546875 0.04861111111111111
2 0.5244140625 0.4010416666666667 0.05126953125 0.07291666666666667
2 0.51123046875 0.4609375 0.041015625 0.03125
2 0.455078125 0.3897569444444444 0.0244140625 0.026041666666666668
2 0.44677734375 0.4487847222222222 0.0078125 0.009548611111111112
2 0.4072265625 0.2881944444444444 0.072265625 0.03125
2 0.39501953125 0.2404513888888889 0.04638671875 0.026909722222222224
2 0.39794921875 0.2630208333333333 0.04736328125 0.022569444444444444
2 0.3232421875 0.3862847222222222 0.01806640625 0.018229166666666668
2 0.32080078125 0.2951388888888889 0.04931640625 0.03819444444444445
2 0.18798828125 0.6076388888888888 0.04736328125 0.06510416666666667
2 0.0771484375 0.6527777777777778 0.03076171875 0.022569444444444444
2 0.12060546875 0.9262152777777778 0.03173828125 0.04600694444444445
2 0.09814453125 0.4600694444444444 0.03173828125 0.019097222222222224
2 0.41064453125 0.3723958333333333 0.0205078125 0.014756944444444444
2 0.271484375 0.9383680555555556 0.0458984375 0.0859375
2 0.419921875 0.7907986111111112 0.0283203125 0.03819444444444445
2 0.41357421875 0.9001736111111112 0.1015625 0.09461805555555555
2 0.662109375 0.2126736111111111 0.064453125 0.042534722222222224
2 0.80224609375 0.4157986111111111 0.0556640625 0.07899305555555555
2 0.97705078125 0.4375 0.0458984375 0.0546875
2 0.97216796875 0.3819444444444444 0.02197265625 0.022569444444444444
2 0.939453125 0.4079861111111111 0.01611328125 0.020833333333333332
2 0.52880859375 0.7413194444444444 0.033203125 0.03819444444444445
2 0.5703125 0.7369791666666666 0.0146484375 0.017361111111111112
2 0.48828125 0.3975694444444444 0.0205078125 0.017361111111111112
2 0.396484375 0.3463541666666667 0.01318359375 0.013888888888888888
2 0.18798828125 0.4782986111111111 0.01123046875 0.018229166666666668
2 0.34130859375 0.3246527777777778 0.01025390625 0.011284722222222222
2 0.98388671875 0.3020833333333333 0.0322265625 0.0390625
2 0.90185546875 0.4348958333333333 0.01318359375 0.018229166666666668
2 0.400390625 0.7760416666666666 0.041015625 0.025173611111111112
2 0.05126953125 0.1310763888888889 0.0458984375 0.024305555555555556
2 0.16064453125 0.12586805555555555 0.01806640625 0.015625
2 0.11572265625 0.1232638888888889 0.0185546875 0.013020833333333334
2 0.36865234375 0.1388888888888889 0.015625 0.013888888888888888
2 0.28857421875 0.2960069444444444 0.01171875 0.015625
2 0.39990234375 0.5373263888888888 0.02001953125 0.019965277777777776
2 0.24365234375 0.3263888888888889 0.00732421875 0.011284722222222222
2 0.58154296875 0.2751736111111111 0.0078125 0.010416666666666666
2 0.97509765625 0.043402777777777776 0.01416015625 0.010416666666666666
2 0.66845703125 0.06770833333333333 0.0302734375 0.03125