2 0.494140625 0.6805555555555556 0.0546875 0.04861111111111111
2 0.4755859375 0.5989583333333334 0.05126953125 0.07291666666666667
2 0.48876953125 0.5390625 0.041015625 0.03125
2 0.544921875 0.6102430555555556 0.0244140625 0.026041666666666668
2 0.55322265625 0.5512152777777778 0.0078125 0.009548611111111112
2 0.5927734375 0.7118055555555556 0.072265625 0.03125
2 0.60498046875 0.7595486111111112 0.04638671875 0.026909722222222224
2 0.60205078125 0.7369791666666666 0.04736328125 0.022569444444444444
2 0.6767578125 0.6137152777777778 0.01806640625 0.018229166666666668
2 0.67919921875 0.7048611111111112 0.04931640625 0.03819444444444445
2 0.81201171875 0.3923611111111111 0.04736328125 0.06510416666666667
2 0.9228515625 0.3472222222222222 0.03076171875 0.022569444444444444
2 0.87939453125 0.07378472222222222 0.03173828125 0.04600694444444445
2 0.90185546875 0.5399305555555556 0.03173828125 0.019097222222222224
2 0.58935546875 0.6276041666666666 0.0205078125 0.014756944444444444
2 0.728515625 0.06163194444444445 0.0458984375 0.0859375
2 0.580078125 0.2092013888888889 0.0283203125 0.03819444444444445
2 0.58642578125 0.0998263888888889 0.1015625 0.09461805555555555
2 0.337890625 0.7873263888888888 0.064453125 0.042534722222222224
2 0.19775390625 0.5842013888888888 0.0556640625 0.07899305555555555
2 0.02294921875 0.5625 0.0458984375 0.0546875
2 0.02783203125 0.6180555555555556 0.02197265625 0.022569444444444444
2 0.060546875 0.5920138888888888 0.01611328125 0.020833333333333332
2 0.47119140625 0.2586805555555556 0.033203125 0.03819444444444445
2 0.4296875 0.2630208333333333 0.0146484375 0.017361111111111112
2 0.51171875 0.6024305555555556 0.0205078125 0.017361111111111112
2 0.603515625 0.6536458333333334 0.01318359375 0.013888888888888888
2 0.81201171875 0.5217013888888888 0.01123046875 0.018229166666666668
2 0.65869140625 0.6753472222222222 0.01025390625 0.011284722222222222
2 0.01611328125 0.6979166666666666 0.0322265625 0.0390625
2 0.09814453125 0.5651041666666666 0.01318359375 0.018229166666666668
2 0.599609375 0.22395833333333334 0.041015625 0.025173611111111112
2 0.94873046875 0.8689236111111112 0.0458984375 0.024305555555555556
2 0.83935546875 0.8741319444444444 0.01806640625 0.015625
2 0.88427734375 0.8767361111111112 0.0185546875 0.013020833333333334
2 0.63134765625 0.8611111111111112 0.015625 0.013888888888888888
2 0.71142578125 0.7039930555555556 0.01171875 0.015625
2 0.60009765625 0.4626736111111111 0.02001953125 0.019965277777777776
2 0.75634765625 0.6736111111111112 0.00732421875 0.011284722222222222
2 0.41845703125 0.7248263888888888 0.0078125 0.010416666666666666
2 0.02490234375 0.9565972222222222 0.01416015625 0.010416666666666666
2 0.33154296875 0.9322916666666666 0.0302734375 0.03125