2 0.3984375 0.4895833333333333 0.02734375 0.09722222222222222
2 0.4443359375 0.4565972222222222 0.041015625 0.09114583333333333
2 0.47802734375 0.4800347222222222 0.017578125 0.07291666666666667
2 0.43798828125 0.5798611111111112 0.0146484375 0.043402777777777776
2 0.47119140625 0.5946180555555556 0.00537109375 0.013888888888888888
2 0.380859375 0.6649305555555556 0.017578125 0.1284722222222222
2 0.35400390625 0.6866319444444444 0.01513671875 0.08246527777777778
2 0.36669921875 0.6814236111111112 0.0126953125 0.0842013888888889
2 0.43603515625 0.8142361111111112 0.01025390625 0.03211805555555555
2 0.384765625 0.8185763888888888 0.021484375 0.0876736111111111
2 0.42822265625 0.6588541666666666 0.00830078125 0.036458333333333336
2 0.74658203125 0.90625 0.04833984375 0.08159722222222222
2 0.66357421875 0.6423611111111112 0.021484375 0.050347222222222224
2 0.72509765625 0.6536458333333334 0.05322265625 0.18055555555555555
2 0.33837890625 0.21180555555555555 0.02392578125 0.11458333333333333
2 0.6357421875 0.4487847222222222 0.021484375 0.059027777777777776
2 0.63330078125 0.375 0.009765625 0.026041666666666668
2 0.4423828125 0.5208333333333334 0.009765625 0.036458333333333336
2 0.41357421875 0.6840277777777778 0.0078125 0.0234375
2 0.4013671875 0.7821180555555556 0.00634765625 0.018229166666666668
2 0.6552734375 0.6770833333333334 0.01416015625 0.07291666666666667
2 0.296875 0.7335069444444444 0.0078125 0.027777777777777776
2 0.38525390625 0.8758680555555556 0.0087890625 0.020833333333333332
2 0.52099609375 0.6779513888888888 0.01123046875 0.035590277777777776
2 0.40234375 0.9557291666666666 0.00634765625 0.013020833333333334
2 0.37353515625 0.3550347222222222 0.005859375 0.013888888888888888
2 0.2568359375 0.20052083333333334 0.017578125 0.05381944444444445