2 0.86962890625 0.8532986111111112 0.0458984375 0.051215277777777776
2 0.84814453125 0.8263888888888888 0.05224609375 0.04513888888888889
2 0.697265625 0.8845486111111112 0.06396484375 0.06770833333333333
2 0.57275390625 0.8003472222222222 0.05322265625 0.059027777777777776
2 0.5791015625 0.6848958333333334 0.0458984375 0.026909722222222224
2 0.5478515625 0.6571180555555556 0.03271484375 0.034722222222222224
2 0.42041015625 0.4262152777777778 0.013671875 0.020833333333333332
2 0.60205078125 0.6102430555555556 0.0224609375 0.027777777777777776
2 0.59326171875 0.8246527777777778 0.02001953125 0.017361111111111112
2 0.7646484375 0.8489583333333334 0.0146484375 0.015625
2 0.74072265625 0.8940972222222222 0.01513671875 0.020833333333333332
2 0.716796875 0.9279513888888888 0.02197265625 0.027777777777777776
2 0.771484375 0.9409722222222222 0.00927734375 0.010416666666666666