2 0.13037109375 0.1467013888888889 0.0458984375 0.051215277777777776
2 0.15185546875 0.1736111111111111 0.05224609375 0.04513888888888889
2 0.302734375 0.1154513888888889 0.06396484375 0.06770833333333333
2 0.42724609375 0.1996527777777778 0.05322265625 0.059027777777777776
2 0.4208984375 0.3151041666666667 0.0458984375 0.026909722222222224
2 0.4521484375 0.3428819444444444 0.03271484375 0.034722222222222224
2 0.57958984375 0.5737847222222222 0.013671875 0.020833333333333332
2 0.39794921875 0.3897569444444444 0.0224609375 0.027777777777777776
2 0.40673828125 0.1753472222222222 0.02001953125 0.017361111111111112
2 0.2353515625 0.15104166666666666 0.0146484375 0.015625
2 0.25927734375 0.10590277777777778 0.01513671875 0.020833333333333332
2 0.283203125 0.0720486111111111 0.02197265625 0.027777777777777776
2 0.228515625 0.059027777777777776 0.00927734375 0.010416666666666666