2 0.39111328125 0.3958333333333333 0.01953125 0.019965277777777776
2 0.45068359375 0.3489583333333333 0.02490234375 0.026041666666666668
2 0.48681640625 0.3177083333333333 0.01611328125 0.03819444444444445
2 0.42041015625 0.3246527777777778 0.04248046875 0.025173611111111112
2 0.4052734375 0.1796875 0.01806640625 0.020833333333333332
2 0.42431640625 0.20225694444444445 0.04443359375 0.059027777777777776
2 0.26318359375 0.1189236111111111 0.01904296875 0.019965277777777776
2 0.28564453125 0.08854166666666667 0.0234375 0.026041666666666668
2 0.30615234375 0.12413194444444445 0.0595703125 0.059895833333333336
2 0.3427734375 0.1267361111111111 0.0244140625 0.024305555555555556
2 0.13916015625 0.15885416666666666 0.0478515625 0.050347222222222224
2 0.16162109375 0.1840277777777778 0.05029296875 0.04513888888888889
2 0.23828125 0.1684027777777778 0.01513671875 0.017361111111111112
2 0.23095703125 0.07899305555555555 0.00927734375 0.012152777777777778
2 0.24853515625 0.1171875 0.01171875 0.018229166666666668
2 0.580078125 0.5868055555555556 0.01611328125 0.028645833333333332