2 0.55859375 0.3064236111111111 0.01123046875 0.034722222222222224
2 0.5849609375 0.4123263888888889 0.0146484375 0.044270833333333336
2 0.6025390625 0.4765625 0.021484375 0.028645833333333332
2 0.5986328125 0.3585069444444444 0.01416015625 0.07552083333333333
2 0.68017578125 0.3315972222222222 0.01171875 0.03211805555555555
2 0.66748046875 0.3654513888888889 0.033203125 0.07899305555555555
2 0.71435546875 0.07899305555555555 0.01123046875 0.033854166666666664
2 0.7314453125 0.1189236111111111 0.0146484375 0.041666666666666664
2 0.71142578125 0.15538194444444445 0.03369140625 0.10590277777777778
2 0.7099609375 0.2204861111111111 0.013671875 0.043402777777777776
2 0.6865234375 0.034722222222222224 0.009765625 0.026909722222222224
2 0.73681640625 0.021701388888888888 0.0068359375 0.016493055555555556
2 0.71533203125 0.05295138888888889 0.01025390625 0.020833333333333332
2 0.451171875 0.6423611111111112 0.01611328125 0.028645833333333332