2 0.44140625 0.6935763888888888 0.01123046875 0.034722222222222224
2 0.4150390625 0.5876736111111112 0.0146484375 0.044270833333333336
2 0.3974609375 0.5234375 0.021484375 0.028645833333333332
2 0.4013671875 0.6414930555555556 0.01416015625 0.07552083333333333
2 0.31982421875 0.6684027777777778 0.01171875 0.03211805555555555
2 0.33251953125 0.6345486111111112 0.033203125 0.07899305555555555
2 0.28564453125 0.9210069444444444 0.01123046875 0.033854166666666664
2 0.2685546875 0.8810763888888888 0.0146484375 0.041666666666666664
2 0.28857421875 0.8446180555555556 0.03369140625 0.10590277777777778
2 0.2900390625 0.7795138888888888 0.013671875 0.043402777777777776
2 0.3134765625 0.9652777777777778 0.009765625 0.026909722222222224
2 0.26318359375 0.9782986111111112 0.0068359375 0.016493055555555556
2 0.28466796875 0.9470486111111112 0.01025390625 0.020833333333333332
2 0.548828125 0.3576388888888889 0.01611328125 0.028645833333333332