2 0.05615234375 0.3220486111111111 0.0458984375 0.034722222222222224
2 0.04248046875 0.2222222222222222 0.02197265625 0.021701388888888888
2 0.07666015625 0.3854166666666667 0.01416015625 0.022569444444444444
2 0.2353515625 0.3072916666666667 0.0458984375 0.044270833333333336
2 0.26513671875 0.4045138888888889 0.02197265625 0.03298611111111111
2 0.15625 0.3602430555555556 0.01953125 0.014756944444444444
2 0.20654296875 0.3637152777777778 0.021484375 0.019965277777777776
2 0.26171875 0.3628472222222222 0.0458984375 0.059027777777777776
2 0.0234375 0.3315972222222222 0.01220703125 0.012152777777777778
2 0.14208984375 0.3394097222222222 0.0107421875 0.013888888888888888
2 0.08642578125 0.3333333333333333 0.0087890625 0.011284722222222222
2 0.1201171875 0.2630208333333333 0.0419921875 0.026909722222222224
2 0.12744140625 0.2829861111111111 0.0361328125 0.0234375
2 0.14111328125 0.2994791666666667 0.05908203125 0.026909722222222224
2 0.234375 0.3619791666666667 0.013671875 0.017361111111111112
2 0.205078125 0.4114583333333333 0.00732421875 0.0078125
2 0.31689453125 0.20572916666666666 0.04931640625 0.034722222222222224
2 0.4560546875 0.3289930555555556 0.033203125 0.026909722222222224
2 0.43994140625 0.3081597222222222 0.03173828125 0.029513888888888888
2 0.53466796875 0.22743055555555555 0.0322265625 0.03211805555555555
2 0.53515625 0.2777777777777778 0.01513671875 0.015625
2 0.51904296875 0.2960069444444444 0.009765625 0.014756944444444444
2 0.5478515625 0.3012152777777778 0.04248046875 0.03819444444444445
2 0.625 0.4487847222222222 0.03076171875 0.017361111111111112
2 0.646484375 0.4696180555555556 0.017578125 0.021701388888888888
2 0.6748046875 0.4522569444444444 0.017578125 0.024305555555555556
2 0.59912109375 0.4947916666666667 0.01416015625 0.013888888888888888
2 0.63037109375 0.3654513888888889 0.0361328125 0.043402777777777776
2 0.56396484375 0.4079861111111111 0.01220703125 0.013020833333333334
2 0.50244140625 0.3272569444444444 0.01025390625 0.012152777777777778
2 0.0732421875 0.1796875 0.01220703125 0.011284722222222222
2 0.1552734375 0.5 0.01904296875 0.019097222222222224
2 0.16943359375 0.6597222222222222 0.021484375 0.027777777777777776
2 0.13916015625 0.6822916666666666 0.03564453125 0.033854166666666664
2 0.2734375 0.6163194444444444 0.0244140625 0.034722222222222224
2 0.306640625 0.5911458333333334 0.01025390625 0.016493055555555556
2 0.17431640625 0.7638888888888888 0.08349609375 0.09375
2 0.279296875 0.2621527777777778 0.00732421875 0.010416666666666666
2 0.73583984375 0.6605902777777778 0.00927734375 0.015625