2 0.391357421875 0.96484375 0.02490234375 0.0703125
2 0.4462890625 0.9175347222222222 0.0185546875 0.0390625
2 0.4228515625 0.9236111111111112 0.033203125 0.08159722222222222
2 0.42236328125 0.9722222222222222 0.009765625 0.024305555555555556
2 0.33447265625 0.8255208333333334 0.01953125 0.0876736111111111
2 0.40380859375 0.578125 0.01513671875 0.059027777777777776
2 0.39208984375 0.6067708333333334 0.0166015625 0.05642361111111111
2 0.3466796875 0.4383680555555556 0.01806640625 0.057291666666666664
2 0.375 0.4375 0.0087890625 0.026909722222222224
2 0.38525390625 0.4661458333333333 0.00830078125 0.017361111111111112
2 0.38818359375 0.4149305555555556 0.021484375 0.07552083333333333
2 0.47119140625 0.2777777777777778 0.009765625 0.0546875
2 0.48291015625 0.23958333333333334 0.01220703125 0.03125
2 0.47314453125 0.1892361111111111 0.013671875 0.03125
2 0.4970703125 0.3237847222222222 0.0078125 0.025173611111111112
2 0.42431640625 0.2682291666666667 0.0244140625 0.0642361111111111
2 0.4482421875 0.3862847222222222 0.00732421875 0.021701388888888888
2 0.40283203125 0.4956597222222222 0.0068359375 0.018229166666666668
2 0.5654296875 0.9027777777777778 0.01953125 0.043402777777777776
2 0.55126953125 0.84375 0.00927734375 0.018229166666666668
2 0.3662109375 0.8923611111111112 0.005859375 0.013020833333333334
2 0.59033203125 0.08072916666666667 0.0087890625 0.016493055555555556