2 0.18115234375 0.7569444444444444 0.08740234375 0.08940972222222222
2 0.27392578125 0.3194444444444444 0.044921875 0.04079861111111111
2 0.296875 0.3758680555555556 0.04541015625 0.06336805555555555
2 0.29248046875 0.421875 0.02099609375 0.036458333333333336
2 0.23974609375 0.3723958333333333 0.02197265625 0.0234375
2 0.19091796875 0.3645833333333333 0.01953125 0.015625
2 0.232421875 0.421875 0.00830078125 0.012152777777777778
2 0.2685546875 0.3732638888888889 0.01513671875 0.019965277777777776
2 0.482421875 0.328125 0.03271484375 0.036458333333333336
2 0.49658203125 0.3524305555555556 0.03173828125 0.030381944444444444
2 0.59423828125 0.3263888888888889 0.044921875 0.03993055555555555
2 0.658203125 0.4939236111111111 0.033203125 0.020833333333333332
2 0.712890625 0.4973958333333333 0.02197265625 0.027777777777777776
2 0.67919921875 0.5190972222222222 0.01806640625 0.026041666666666668
2 0.62255859375 0.5434027777777778 0.0146484375 0.018229166666666668
2 0.65673828125 0.3784722222222222 0.0146484375 0.013888888888888888
2 0.5439453125 0.3550347222222222 0.01220703125 0.013888888888888888
2 0.5654296875 0.3203125 0.01171875 0.017361111111111112
2 0.58544921875 0.3012152777777778 0.01708984375 0.017361111111111112
2 0.59326171875 0.24305555555555555 0.0380859375 0.04079861111111111
2 0.49755859375 0.1875 0.017578125 0.015625
2 0.3720703125 0.21614583333333334 0.05078125 0.03732638888888889
2 0.17822265625 0.6597222222222222 0.021484375 0.029513888888888888
2 0.17431640625 0.5078125 0.01953125 0.025173611111111112
2 0.27587890625 0.6371527777777778 0.0263671875 0.033854166666666664
2 0.11083984375 0.3810763888888889 0.01611328125 0.019965277777777776
2 0.09765625 0.3194444444444444 0.0439453125 0.035590277777777776
2 0.18408203125 0.3038194444444444 0.06103515625 0.029513888888888888
2 0.1708984375 0.2855902777777778 0.04052734375 0.024305555555555556
2 0.1669921875 0.265625 0.04248046875 0.022569444444444444
2 0.18017578125 0.3411458333333333 0.01025390625 0.013888888888888888
2 0.1279296875 0.3315972222222222 0.00927734375 0.011284722222222222
2 0.1416015625 0.2977430555555556 0.00732421875 0.010416666666666666
2 0.06640625 0.3255208333333333 0.01123046875 0.012152777777777778
2 0.09716796875 0.2170138888888889 0.02294921875 0.017361111111111112
2 0.1337890625 0.17708333333333334 0.01171875 0.0078125
2 0.37841796875 0.6649305555555556 0.009765625 0.012152777777777778
2 0.3095703125 0.6189236111111112 0.0126953125 0.013888888888888888
2 0.59814453125 0.4444444444444444 0.01220703125 0.015625
2 0.75927734375 0.7456597222222222 0.01025390625 0.015625