2 0.6015625 0.09809027777777778 0.02294921875 0.0798611111111111
2 0.56982421875 0.1388888888888889 0.03564453125 0.08072916666666667
2 0.5439453125 0.1310763888888889 0.0205078125 0.03732638888888889
2 0.57177734375 0.03732638888888889 0.01318359375 0.0390625
2 0.5439453125 0.024305555555555556 0.0068359375 0.014756944444444444
2 0.5712890625 0.08854166666666667 0.01123046875 0.026909722222222224
2 0.5966796875 0.46875 0.0205078125 0.058159722222222224
2 0.5830078125 0.4939236111111111 0.01708984375 0.05642361111111111
2 0.59765625 0.6675347222222222 0.0224609375 0.0798611111111111
2 0.50341796875 0.78125 0.01171875 0.059027777777777776
2 0.50146484375 0.8784722222222222 0.015625 0.0390625
2 0.4892578125 0.8185763888888888 0.0146484375 0.03211805555555555
2 0.4755859375 0.7178819444444444 0.01025390625 0.026041666666666668
2 0.568359375 0.7786458333333334 0.0078125 0.026041666666666668
2 0.58154296875 0.578125 0.0078125 0.021701388888888888
2 0.60107421875 0.6163194444444444 0.009765625 0.020833333333333332
2 0.61181640625 0.6519097222222222 0.009765625 0.030381944444444444
2 0.64453125 0.6657986111111112 0.02294921875 0.06770833333333333
2 0.67578125 0.4956597222222222 0.0087890625 0.03125
2 0.65966796875 0.2725694444444444 0.02099609375 0.09027777777777778
2 0.4228515625 0.1015625 0.01904296875 0.046875
2 0.4072265625 0.2838541666666667 0.0068359375 0.017361111111111112
2 0.43310546875 0.16145833333333334 0.0078125 0.022569444444444444
2 0.53125 0.6744791666666666 0.0087890625 0.021701388888888888
2 0.36181640625 0.9609375 0.0087890625 0.018229166666666668