2 0.3984375 0.9019097222222222 0.02294921875 0.0798611111111111
2 0.43017578125 0.8611111111111112 0.03564453125 0.08072916666666667
2 0.4560546875 0.8689236111111112 0.0205078125 0.03732638888888889
2 0.42822265625 0.9626736111111112 0.01318359375 0.0390625
2 0.4560546875 0.9756944444444444 0.0068359375 0.014756944444444444
2 0.4287109375 0.9114583333333334 0.01123046875 0.026909722222222224
2 0.4033203125 0.53125 0.0205078125 0.058159722222222224
2 0.4169921875 0.5060763888888888 0.01708984375 0.05642361111111111
2 0.40234375 0.3324652777777778 0.0224609375 0.0798611111111111
2 0.49658203125 0.21875 0.01171875 0.059027777777777776
2 0.49853515625 0.12152777777777778 0.015625 0.0390625
2 0.5107421875 0.1814236111111111 0.0146484375 0.03211805555555555
2 0.5244140625 0.2821180555555556 0.01025390625 0.026041666666666668
2 0.431640625 0.22135416666666666 0.0078125 0.026041666666666668
2 0.41845703125 0.421875 0.0078125 0.021701388888888888
2 0.39892578125 0.3836805555555556 0.009765625 0.020833333333333332
2 0.38818359375 0.3480902777777778 0.009765625 0.030381944444444444
2 0.35546875 0.3342013888888889 0.02294921875 0.06770833333333333
2 0.32421875 0.5043402777777778 0.0087890625 0.03125
2 0.34033203125 0.7274305555555556 0.02099609375 0.09027777777777778
2 0.5771484375 0.8984375 0.01904296875 0.046875
2 0.5927734375 0.7161458333333334 0.0068359375 0.017361111111111112
2 0.56689453125 0.8385416666666666 0.0078125 0.022569444444444444
2 0.46875 0.3255208333333333 0.0087890625 0.021701388888888888
2 0.63818359375 0.0390625 0.0087890625 0.018229166666666668