2 0.23095703125 0.7760416666666666 0.08056640625 0.08246527777777778
2 0.2412109375 0.6631944444444444 0.0185546875 0.027777777777777776
2 0.208984375 0.6892361111111112 0.03125 0.025173611111111112
2 0.35400390625 0.6354166666666666 0.0224609375 0.030381944444444444
2 0.39111328125 0.4019097222222222 0.01708984375 0.028645833333333332
2 0.337890625 0.3532986111111111 0.0205078125 0.019097222222222224
2 0.392578125 0.3559027777777778 0.0361328125 0.059895833333333336
2 0.3671875 0.3020833333333333 0.03857421875 0.03819444444444445
2 0.4443359375 0.2074652777777778 0.04931640625 0.034722222222222224
2 0.19873046875 0.3020833333333333 0.0390625 0.03125
2 0.20947265625 0.3654513888888889 0.01513671875 0.014756944444444444
2 0.2900390625 0.3463541666666667 0.01611328125 0.013888888888888888
2 0.279296875 0.3237847222222222 0.00927734375 0.013020833333333334
2 0.36572265625 0.3532986111111111 0.01318359375 0.019097222222222224
2 0.28125 0.2855902777777778 0.0556640625 0.024305555555555556
2 0.26953125 0.265625 0.0302734375 0.019097222222222224
2 0.26220703125 0.24739583333333334 0.03759765625 0.022569444444444444
2 0.1953125 0.20052083333333334 0.02001953125 0.019965277777777776
2 0.22265625 0.1623263888888889 0.01123046875 0.010416666666666666
2 0.16845703125 0.3098958333333333 0.01123046875 0.011284722222222222
2 0.22802734375 0.3142361111111111 0.0078125 0.0078125
2 0.26318359375 0.4982638888888889 0.01904296875 0.016493055555555556
2 0.04345703125 0.4956597222222222 0.01904296875 0.016493055555555556
2 0.0166015625 0.1796875 0.013671875 0.009548611111111112
2 0.39208984375 0.6102430555555556 0.01123046875 0.013888888888888888
2 0.564453125 0.3133680555555556 0.03173828125 0.026909722222222224
2 0.58056640625 0.3359375 0.03173828125 0.030381944444444444
2 0.67138671875 0.3151041666666667 0.04345703125 0.036458333333333336
2 0.6416015625 0.3107638888888889 0.0107421875 0.013020833333333334
2 0.625 0.3402777777777778 0.0107421875 0.013888888888888888
2 0.7353515625 0.3645833333333333 0.01416015625 0.013020833333333334
2 0.7548828125 0.3836805555555556 0.0390625 0.041666666666666664
2 0.65869140625 0.2951388888888889 0.0146484375 0.017361111111111112
2 0.66064453125 0.2465277777777778 0.0400390625 0.03993055555555555
2 0.76708984375 0.4973958333333333 0.0166015625 0.021701388888888888
2 0.79833984375 0.4791666666666667 0.01171875 0.024305555555555556
2 0.74609375 0.4722222222222222 0.03271484375 0.017361111111111112
2 0.70947265625 0.5199652777777778 0.0126953125 0.015625
2 0.849609375 0.7300347222222222 0.01025390625 0.012152777777777778
2 0.43115234375 0.09461805555555555 0.0185546875 0.013888888888888888
2 0.45947265625 0.6545138888888888 0.00927734375 0.014756944444444444
2 0.56982421875 0.5954861111111112 0.0126953125 0.021701388888888888
2 0.4609375 0.5399305555555556 0.0107421875 0.019965277777777776
2 0.5771484375 0.5347222222222222 0.0126953125 0.014756944444444444
2 0.68408203125 0.4227430555555556 0.01220703125 0.014756944444444444
2 0.41064453125 0.2578125 0.005859375 0.006944444444444444
2 0.32958984375 0.4053819444444444 0.00732421875 0.008680555555555556
2 0.13720703125 0.3385416666666667 0.00732421875 0.006944444444444444