2 0.344482421875 0.046440972222222224 0.04638671875 0.09288194444444445
2 0.408203125 0.03993055555555555 0.015625 0.03298611111111111
2 0.423828125 0.2404513888888889 0.01708984375 0.03993055555555555
2 0.55517578125 0.3064236111111111 0.01611328125 0.030381944444444444
2 0.58251953125 0.21180555555555555 0.0107421875 0.036458333333333336
2 0.5810546875 0.3090277777777778 0.03369140625 0.0642361111111111
2 0.611328125 0.2638888888888889 0.021484375 0.0685763888888889
2 0.66455078125 0.4010416666666667 0.01953125 0.0876736111111111
2 0.58642578125 0.1267361111111111 0.0078125 0.028645833333333332
2 0.59912109375 0.1076388888888889 0.00732421875 0.016493055555555556
2 0.58251953125 0.2612847222222222 0.0107421875 0.0234375
2 0.62060546875 0.1111111111111111 0.013671875 0.09895833333333333
2 0.6318359375 0.09027777777777778 0.0107421875 0.05381944444444445
2 0.64208984375 0.07725694444444445 0.0126953125 0.06684027777777778
2 0.68994140625 0.008246527777777778 0.005859375 0.016493055555555556
2 0.6044921875 0.016493055555555556 0.00439453125 0.013888888888888888
2 0.5009765625 0.07899305555555555 0.00927734375 0.033854166666666664
2 0.43798828125 0.3081597222222222 0.0078125 0.019965277777777776
2 0.60498046875 0.6145833333333334 0.01513671875 0.05642361111111111
2 0.59228515625 0.6432291666666666 0.01708984375 0.05642361111111111
2 0.60400390625 0.8046875 0.0205078125 0.07725694444444445
2 0.6064453125 0.7517361111111112 0.00732421875 0.019097222222222224
2 0.58984375 0.7222222222222222 0.0078125 0.019097222222222224
2 0.576171875 0.9184027777777778 0.00732421875 0.025173611111111112
2 0.5654296875 0.953125 0.0234375 0.06944444444444445
2 0.615234375 0.7821180555555556 0.009765625 0.026041666666666668
2 0.642578125 0.7855902777777778 0.0224609375 0.07118055555555555
2 0.50146484375 0.9748263888888888 0.01220703125 0.029513888888888888
2 0.515625 0.9375 0.009765625 0.058159722222222224
2 0.48876953125 0.8723958333333334 0.0087890625 0.022569444444444444
2 0.72802734375 0.3776041666666667 0.0078125 0.03298611111111111
2 0.4130859375 0.4279513888888889 0.00830078125 0.016493055555555556
2 0.4462890625 0.6241319444444444 0.01220703125 0.022569444444444444
2 0.4775390625 0.4305555555555556 0.01123046875 0.019097222222222224
2 0.48046875 0.6371527777777778 0.00830078125 0.022569444444444444
2 0.54345703125 0.8272569444444444 0.00830078125 0.021701388888888888
2 0.63623046875 0.3411458333333333 0.00390625 0.010416666666666666
2 0.55322265625 0.1970486111111111 0.0048828125 0.013020833333333334