2 0.9091796875 0.2300347222222222 0.05029296875 0.03211805555555555
2 0.88671875 0.2092013888888889 0.02783203125 0.04600694444444445
2 0.6767578125 0.3194444444444444 0.07568359375 0.0876736111111111
2 0.705078125 0.3932291666666667 0.029296875 0.033854166666666664
2 0.68115234375 0.4105902777777778 0.0224609375 0.03298611111111111
2 0.58837890625 0.4175347222222222 0.025390625 0.04079861111111111
2 0.55712890625 0.4322916666666667 0.01318359375 0.019097222222222224
2 0.26513671875 0.4635416666666667 0.0185546875 0.024305555555555556
2 0.20361328125 0.4809027777777778 0.01708984375 0.026909722222222224
2 0.224609375 0.5060763888888888 0.03515625 0.0234375
2 0.1640625 0.4991319444444444 0.02099609375 0.034722222222222224
2 0.232421875 0.6206597222222222 0.015625 0.014756944444444444
2 0.2158203125 0.5998263888888888 0.03662109375 0.04600694444444445
2 0.3427734375 0.6475694444444444 0.01123046875 0.011284722222222222
2 0.3251953125 0.6770833333333334 0.01220703125 0.017361111111111112
2 0.33544921875 0.6796875 0.00732421875 0.008680555555555556
2 0.3447265625 0.7083333333333334 0.00732421875 0.0078125
2 0.34130859375 0.71875 0.01318359375 0.010416666666666666
2 0.3310546875 0.7248263888888888 0.01171875 0.013020833333333334
2 0.30615234375 0.6944444444444444 0.017578125 0.016493055555555556
2 0.2939453125 0.6736111111111112 0.0458984375 0.03732638888888889
2 0.30029296875 0.7491319444444444 0.0361328125 0.04079861111111111
2 0.4033203125 0.6788194444444444 0.03759765625 0.03211805555555555
2 0.38671875 0.6536458333333334 0.03466796875 0.03211805555555555
2 0.5146484375 0.796875 0.04931640625 0.03125
2 0.57080078125 0.6510416666666666 0.04345703125 0.06076388888888889
2 0.5703125 0.6076388888888888 0.0185546875 0.030381944444444444
2 0.59521484375 0.65625 0.01513671875 0.016493055555555556
2 0.5947265625 0.7039930555555556 0.04150390625 0.03819444444444445
2 0.623046875 0.6597222222222222 0.02099609375 0.020833333333333332
2 0.62939453125 0.6145833333333334 0.00830078125 0.011284722222222222
2 0.5517578125 0.7439236111111112 0.00732421875 0.006944444444444444
2 0.6962890625 0.7638888888888888 0.03955078125 0.025173611111111112
2 0.689453125 0.7456597222222222 0.03466796875 0.017361111111111112
2 0.67919921875 0.7265625 0.05419921875 0.026909722222222224
2 0.6796875 0.6927083333333334 0.0107421875 0.012152777777777778
2 0.66845703125 0.671875 0.01904296875 0.013888888888888888
2 0.7158203125 0.7361111111111112 0.0078125 0.009548611111111112
2 0.72705078125 0.7057291666666666 0.00830078125 0.008680555555555556
2 0.75927734375 0.8142361111111112 0.02294921875 0.018229166666666668
2 0.73046875 0.8506944444444444 0.01171875 0.013020833333333334
2 0.75537109375 0.7152777777777778 0.0458984375 0.03993055555555555
2 0.78369140625 0.7144097222222222 0.0107421875 0.013020833333333334
2 0.7431640625 0.6614583333333334 0.01708984375 0.015625
2 0.810546875 0.6935763888888888 0.0078125 0.009548611111111112