2 0.0908203125 0.7699652777777778 0.05029296875 0.03211805555555555
2 0.11328125 0.7907986111111112 0.02783203125 0.04600694444444445
2 0.3232421875 0.6805555555555556 0.07568359375 0.0876736111111111
2 0.294921875 0.6067708333333334 0.029296875 0.033854166666666664
2 0.31884765625 0.5894097222222222 0.0224609375 0.03298611111111111
2 0.41162109375 0.5824652777777778 0.025390625 0.04079861111111111
2 0.44287109375 0.5677083333333334 0.01318359375 0.019097222222222224
2 0.73486328125 0.5364583333333334 0.0185546875 0.024305555555555556
2 0.79638671875 0.5190972222222222 0.01708984375 0.026909722222222224
2 0.775390625 0.4939236111111111 0.03515625 0.0234375
2 0.8359375 0.5008680555555556 0.02099609375 0.034722222222222224
2 0.767578125 0.3793402777777778 0.015625 0.014756944444444444
2 0.7841796875 0.4001736111111111 0.03662109375 0.04600694444444445
2 0.6572265625 0.3524305555555556 0.01123046875 0.011284722222222222
2 0.6748046875 0.3229166666666667 0.01220703125 0.017361111111111112
2 0.66455078125 0.3203125 0.00732421875 0.008680555555555556
2 0.6552734375 0.2916666666666667 0.00732421875 0.0078125
2 0.65869140625 0.28125 0.01318359375 0.010416666666666666
2 0.6689453125 0.2751736111111111 0.01171875 0.013020833333333334
2 0.69384765625 0.3055555555555556 0.017578125 0.016493055555555556
2 0.7060546875 0.3263888888888889 0.0458984375 0.03732638888888889
2 0.69970703125 0.2508680555555556 0.0361328125 0.04079861111111111
2 0.5966796875 0.3211805555555556 0.03759765625 0.03211805555555555
2 0.61328125 0.3463541666666667 0.03466796875 0.03211805555555555
2 0.4853515625 0.203125 0.04931640625 0.03125
2 0.42919921875 0.3489583333333333 0.04345703125 0.06076388888888889
2 0.4296875 0.3923611111111111 0.0185546875 0.030381944444444444
2 0.40478515625 0.34375 0.01513671875 0.016493055555555556
2 0.4052734375 0.2960069444444444 0.04150390625 0.03819444444444445
2 0.376953125 0.3402777777777778 0.02099609375 0.020833333333333332
2 0.37060546875 0.3854166666666667 0.00830078125 0.011284722222222222
2 0.4482421875 0.2560763888888889 0.00732421875 0.006944444444444444
2 0.3037109375 0.2361111111111111 0.03955078125 0.025173611111111112
2 0.310546875 0.2543402777777778 0.03466796875 0.017361111111111112
2 0.32080078125 0.2734375 0.05419921875 0.026909722222222224
2 0.3203125 0.3072916666666667 0.0107421875 0.012152777777777778
2 0.33154296875 0.328125 0.01904296875 0.013888888888888888
2 0.2841796875 0.2638888888888889 0.0078125 0.009548611111111112
2 0.27294921875 0.2942708333333333 0.00830078125 0.008680555555555556
2 0.24072265625 0.1857638888888889 0.02294921875 0.018229166666666668
2 0.26953125 0.14930555555555555 0.01171875 0.013020833333333334
2 0.24462890625 0.2847222222222222 0.0458984375 0.03993055555555555
2 0.21630859375 0.2855902777777778 0.0107421875 0.013020833333333334
2 0.2568359375 0.3385416666666667 0.01708984375 0.015625
2 0.189453125 0.3064236111111111 0.0078125 0.009548611111111112