2 0.775390625 0.4939236111111111 0.0458984375 0.0390625
2 0.60791015625 0.4071180555555556 0.021484375 0.03298611111111111
2 0.57421875 0.6744791666666666 0.02099609375 0.021701388888888888
2 0.37744140625 0.4157986111111111 0.07568359375 0.06684027777777778
2 0.32861328125 0.5034722222222222 0.013671875 0.03211805555555555
2 0.39208984375 0.4826388888888889 0.0302734375 0.017361111111111112
2 0.27587890625 0.4027777777777778 0.0283203125 0.03819444444444445
2 0.21630859375 0.3923611111111111 0.01708984375 0.019097222222222224
2 0.2197265625 0.3064236111111111 0.013671875 0.015625
2 0.2666015625 0.5824652777777778 0.02197265625 0.013020833333333334
2 0.12890625 0.6111111111111112 0.009765625 0.013020833333333334
2 0.08349609375 0.6510416666666666 0.0283203125 0.03298611111111111
2 0.0380859375 0.6145833333333334 0.0234375 0.015625
2 0.037109375 0.5798611111111112 0.07421875 0.06597222222222222
2 0.05517578125 0.5338541666666666 0.048828125 0.0234375
2 0.04052734375 0.6753472222222222 0.06005859375 0.049479166666666664
2 0.12646484375 0.7829861111111112 0.06494140625 0.041666666666666664
2 0.1357421875 0.8125 0.0439453125 0.0234375
2 0.1376953125 0.8376736111111112 0.044921875 0.028645833333333332
2 0.14013671875 0.7144097222222222 0.02099609375 0.019965277777777776
2 0.19287109375 0.8246527777777778 0.0419921875 0.028645833333333332
2 0.22607421875 0.7699652777777778 0.02001953125 0.013020833333333334
2 0.16796875 0.8203125 0.005859375 0.0078125
2 0.17578125 0.8020833333333334 0.00927734375 0.010416666666666666
2 0.2216796875 0.8368055555555556 0.009765625 0.012152777777777778
2 0.27294921875 0.8498263888888888 0.00634765625 0.006076388888888889
2 0.12939453125 0.9730902777777778 0.01318359375 0.009548611111111112
2 0.1689453125 0.9409722222222222 0.02197265625 0.013020833333333334
2 0.6376953125 0.20572916666666666 0.0205078125 0.018229166666666668
2 0.39501953125 0.7864583333333334 0.0205078125 0.016493055555555556
2 0.14453125 0.7465277777777778 0.0126953125 0.013020833333333334
2 0.494140625 0.9548611111111112 0.01318359375 0.011284722222222222
2 0.2119140625 0.9618055555555556 0.029296875 0.026909722222222224
2 0.4296875 0.7447916666666666 0.0166015625 0.008680555555555556
2 0.462890625 0.7326388888888888 0.017578125 0.011284722222222222
2 0.3408203125 0.9557291666666666 0.0146484375 0.019097222222222224
2 0.64599609375 0.8420138888888888 0.02099609375 0.017361111111111112