2 0.503173828125 0.9743923611111112 0.02197265625 0.051215277777777776
2 0.55224609375 0.6918402777777778 0.0185546875 0.03819444444444445
2 0.40185546875 0.6319444444444444 0.01220703125 0.03732638888888889
2 0.54736328125 0.2821180555555556 0.03759765625 0.1345486111111111
2 0.498046875 0.1953125 0.01806640625 0.024305555555555556
2 0.509765625 0.3081597222222222 0.009765625 0.05381944444444445
2 0.5546875 0.1015625 0.021484375 0.050347222222222224
2 0.560546875 0.005208333333333333 0.0107421875 0.010416666666666666
2 0.60888671875 0.006944444444444444 0.0087890625 0.013888888888888888
2 0.45361328125 0.08506944444444445 0.00732421875 0.0390625
2 0.347900390625 0.015190972222222222 0.00732421875 0.030381944444444444
2 0.310546875 0.006944444444444444 0.0068359375 0.013888888888888888
2 0.30322265625 0.09635416666666667 0.00341796875 0.011284722222222222
2 0.66552734375 0.7447916666666666 0.01025390625 0.036458333333333336
2 0.3388671875 0.3133680555555556 0.00927734375 0.036458333333333336
2 0.244140625 0.4895833333333333 0.00634765625 0.0234375
2 0.239990234375 0.006944444444444444 0.01513671875 0.013888888888888888
2 0.3623046875 0.375 0.0048828125 0.029513888888888888
2 0.369140625 0.4340277777777778 0.00634765625 0.03125
2 0.24365234375 0.2170138888888889 0.0107421875 0.026041666666666668
2 0.3076171875 0.7595486111111112 0.009765625 0.03732638888888889