2 0.224609375 0.5060763888888888 0.0458984375 0.0390625
2 0.39208984375 0.5928819444444444 0.021484375 0.03298611111111111
2 0.42578125 0.3255208333333333 0.02099609375 0.021701388888888888
2 0.62255859375 0.5842013888888888 0.07568359375 0.06684027777777778
2 0.67138671875 0.4965277777777778 0.013671875 0.03211805555555555
2 0.60791015625 0.5173611111111112 0.0302734375 0.017361111111111112
2 0.72412109375 0.5972222222222222 0.0283203125 0.03819444444444445
2 0.78369140625 0.6076388888888888 0.01708984375 0.019097222222222224
2 0.7802734375 0.6935763888888888 0.013671875 0.015625
2 0.7333984375 0.4175347222222222 0.02197265625 0.013020833333333334
2 0.87109375 0.3888888888888889 0.009765625 0.013020833333333334
2 0.91650390625 0.3489583333333333 0.0283203125 0.03298611111111111
2 0.9619140625 0.3854166666666667 0.0234375 0.015625
2 0.962890625 0.4201388888888889 0.07421875 0.06597222222222222
2 0.94482421875 0.4661458333333333 0.048828125 0.0234375
2 0.95947265625 0.3246527777777778 0.06005859375 0.049479166666666664
2 0.87353515625 0.2170138888888889 0.06494140625 0.041666666666666664
2 0.8642578125 0.1875 0.0439453125 0.0234375
2 0.8623046875 0.1623263888888889 0.044921875 0.028645833333333332
2 0.85986328125 0.2855902777777778 0.02099609375 0.019965277777777776
2 0.80712890625 0.1753472222222222 0.0419921875 0.028645833333333332
2 0.77392578125 0.2300347222222222 0.02001953125 0.013020833333333334
2 0.83203125 0.1796875 0.005859375 0.0078125
2 0.82421875 0.19791666666666666 0.00927734375 0.010416666666666666
2 0.7783203125 0.16319444444444445 0.009765625 0.012152777777777778
2 0.72705078125 0.1501736111111111 0.00634765625 0.006076388888888889
2 0.87060546875 0.026909722222222224 0.01318359375 0.009548611111111112
2 0.8310546875 0.059027777777777776 0.02197265625 0.013020833333333334
2 0.3623046875 0.7942708333333334 0.0205078125 0.018229166666666668
2 0.60498046875 0.21354166666666666 0.0205078125 0.016493055555555556
2 0.85546875 0.2534722222222222 0.0126953125 0.013020833333333334
2 0.505859375 0.04513888888888889 0.01318359375 0.011284722222222222
2 0.7880859375 0.03819444444444445 0.029296875 0.026909722222222224
2 0.5703125 0.2552083333333333 0.0166015625 0.008680555555555556
2 0.537109375 0.2673611111111111 0.017578125 0.011284722222222222
2 0.6591796875 0.044270833333333336 0.0146484375 0.019097222222222224
2 0.35400390625 0.1579861111111111 0.02099609375 0.017361111111111112