2 0.43408203125 0.4036458333333333 0.07568359375 0.0625
2 0.3779296875 0.4904513888888889 0.01416015625 0.028645833333333332
2 0.33154296875 0.3871527777777778 0.0283203125 0.03732638888888889
2 0.4482421875 0.46875 0.0302734375 0.015625
2 0.31103515625 0.5694444444444444 0.02294921875 0.014756944444444444
2 0.16015625 0.5989583333333334 0.0087890625 0.013020833333333334
2 0.08544921875 0.5251736111111112 0.05078125 0.0234375
2 0.0546875 0.5711805555555556 0.08251953125 0.0642361111111111
2 0.0654296875 0.6076388888888888 0.02490234375 0.018229166666666668
2 0.111328125 0.640625 0.0263671875 0.03211805555555555
2 0.0634765625 0.6666666666666666 0.0546875 0.05381944444444445
2 0.169921875 0.7022569444444444 0.0205078125 0.018229166666666668
2 0.1669921875 0.828125 0.04296875 0.026909722222222224
2 0.16259765625 0.8029513888888888 0.0380859375 0.020833333333333332
2 0.1533203125 0.7734375 0.064453125 0.0390625
2 0.2216796875 0.8151041666666666 0.044921875 0.026909722222222224
2 0.203125 0.7934027777777778 0.00927734375 0.009548611111111112
2 0.2490234375 0.8246527777777778 0.01025390625 0.010416666666666666
2 0.2568359375 0.7586805555555556 0.01953125 0.013020833333333334
2 0.1728515625 0.7352430555555556 0.01171875 0.011284722222222222
2 0.302734375 0.8376736111111112 0.00537109375 0.005208333333333333
2 0.1982421875 0.9322916666666666 0.02099609375 0.013020833333333334
2 0.1611328125 0.9644097222222222 0.0126953125 0.010416666666666666
2 0.36669921875 0.9418402777777778 0.021484375 0.019965277777777776
2 0.646484375 0.1953125 0.02099609375 0.019097222222222224
2 0.6318359375 0.3975694444444444 0.02099609375 0.03125
2 0.7666015625 0.5104166666666666 0.04638671875 0.03993055555555555
2 0.43310546875 0.7751736111111112 0.02099609375 0.019097222222222224
2 0.47412109375 0.7335069444444444 0.01611328125 0.012152777777777778
2 0.50634765625 0.7230902777777778 0.017578125 0.011284722222222222
2 0.2666015625 0.3784722222222222 0.015625 0.019097222222222224
2 0.27880859375 0.2934027777777778 0.009765625 0.014756944444444444
2 0.60791015625 0.6684027777777778 0.01611328125 0.0234375
2 0.6806640625 0.8359375 0.0224609375 0.014756944444444444