2 0.55419921875 0.3828125 0.03515625 0.1345486111111111
2 0.50537109375 0.2829861111111111 0.01611328125 0.025173611111111112
2 0.5634765625 0.20052083333333334 0.02099609375 0.050347222222222224
2 0.517578125 0.4079861111111111 0.0087890625 0.05381944444444445
2 0.4609375 0.1640625 0.00830078125 0.04079861111111111
2 0.322509765625 0.022569444444444444 0.01513671875 0.04513888888888889
2 0.3173828125 0.05381944444444445 0.005859375 0.018229166666666668
2 0.3544921875 0.06770833333333333 0.00732421875 0.034722222222222224
2 0.31005859375 0.14930555555555555 0.0029296875 0.009548611111111112
2 0.25146484375 0.2630208333333333 0.01123046875 0.03819444444444445
2 0.67138671875 0.7604166666666666 0.0107421875 0.03732638888888889
2 0.5576171875 0.734375 0.017578125 0.03732638888888889
2 0.494140625 0.9661458333333334 0.0224609375 0.06770833333333333
2 0.34521484375 0.3810763888888889 0.0107421875 0.03732638888888889
2 0.36865234375 0.4539930555555556 0.0068359375 0.028645833333333332
2 0.37451171875 0.5112847222222222 0.00634765625 0.03125
2 0.568359375 0.08506944444444445 0.0107421875 0.027777777777777776
2 0.6162109375 0.10677083333333333 0.00830078125 0.017361111111111112
2 0.4052734375 0.6918402777777778 0.01318359375 0.028645833333333332
2 0.31103515625 0.8211805555555556 0.00830078125 0.03993055555555555