2 0.56591796875 0.5963541666666666 0.07568359375 0.0625
2 0.6220703125 0.5095486111111112 0.01416015625 0.028645833333333332
2 0.66845703125 0.6128472222222222 0.0283203125 0.03732638888888889
2 0.5517578125 0.53125 0.0302734375 0.015625
2 0.68896484375 0.4305555555555556 0.02294921875 0.014756944444444444
2 0.83984375 0.4010416666666667 0.0087890625 0.013020833333333334
2 0.91455078125 0.4748263888888889 0.05078125 0.0234375
2 0.9453125 0.4288194444444444 0.08251953125 0.0642361111111111
2 0.9345703125 0.3923611111111111 0.02490234375 0.018229166666666668
2 0.888671875 0.359375 0.0263671875 0.03211805555555555
2 0.9365234375 0.3333333333333333 0.0546875 0.05381944444444445
2 0.830078125 0.2977430555555556 0.0205078125 0.018229166666666668
2 0.8330078125 0.171875 0.04296875 0.026909722222222224
2 0.83740234375 0.1970486111111111 0.0380859375 0.020833333333333332
2 0.8466796875 0.2265625 0.064453125 0.0390625
2 0.7783203125 0.18489583333333334 0.044921875 0.026909722222222224
2 0.796875 0.2065972222222222 0.00927734375 0.009548611111111112
2 0.7509765625 0.1753472222222222 0.01025390625 0.010416666666666666
2 0.7431640625 0.24131944444444445 0.01953125 0.013020833333333334
2 0.8271484375 0.2647569444444444 0.01171875 0.011284722222222222
2 0.697265625 0.1623263888888889 0.00537109375 0.005208333333333333
2 0.8017578125 0.06770833333333333 0.02099609375 0.013020833333333334
2 0.8388671875 0.035590277777777776 0.0126953125 0.010416666666666666
2 0.63330078125 0.058159722222222224 0.021484375 0.019965277777777776
2 0.353515625 0.8046875 0.02099609375 0.019097222222222224
2 0.3681640625 0.6024305555555556 0.02099609375 0.03125
2 0.2333984375 0.4895833333333333 0.04638671875 0.03993055555555555
2 0.56689453125 0.2248263888888889 0.02099609375 0.019097222222222224
2 0.52587890625 0.2664930555555556 0.01611328125 0.012152777777777778
2 0.49365234375 0.2769097222222222 0.017578125 0.011284722222222222
2 0.7333984375 0.6215277777777778 0.015625 0.019097222222222224
2 0.72119140625 0.7065972222222222 0.009765625 0.014756944444444444
2 0.39208984375 0.3315972222222222 0.01611328125 0.0234375
2 0.3193359375 0.1640625 0.0224609375 0.014756944444444444