2 0.77978515625 0.5520833333333334 0.04541015625 0.036458333333333336
2 0.6484375 0.4105902777777778 0.0234375 0.03732638888888889
2 0.498046875 0.6762152777777778 0.046875 0.041666666666666664
2 0.44384765625 0.4817708333333333 0.03466796875 0.026909722222222224
2 0.42724609375 0.4140625 0.0771484375 0.06510416666666667
2 0.3662109375 0.5052083333333334 0.01318359375 0.030381944444444444
2 0.3193359375 0.3993055555555556 0.02880859375 0.03993055555555555
2 0.25048828125 0.3914930555555556 0.01708984375 0.018229166666666668
2 0.26220703125 0.3072916666666667 0.0107421875 0.015625
2 0.29931640625 0.5833333333333334 0.02099609375 0.013888888888888888
2 0.25 0.7760416666666666 0.01953125 0.015625
2 0.14794921875 0.6128472222222222 0.0107421875 0.014756944444444444
2 0.16357421875 0.71875 0.02099609375 0.022569444444444444
2 0.072265625 0.5338541666666666 0.05078125 0.029513888888888888
2 0.1025390625 0.6553819444444444 0.0263671875 0.030381944444444444
2 0.0546875 0.6796875 0.056640625 0.050347222222222224
2 0.04541015625 0.5842013888888888 0.08642578125 0.07118055555555555
2 0.16845703125 0.7508680555555556 0.01416015625 0.013888888888888888
2 0.19970703125 0.8090277777777778 0.01171875 0.014756944444444444
2 0.14892578125 0.7890625 0.06494140625 0.041666666666666664
2 0.16455078125 0.8420138888888888 0.04443359375 0.026909722222222224
2 0.1611328125 0.8203125 0.03955078125 0.024305555555555556
2 0.212890625 0.8324652777777778 0.048828125 0.027777777777777776
2 0.24462890625 0.8411458333333334 0.01123046875 0.013888888888888888
2 0.1982421875 0.9479166666666666 0.021484375 0.021701388888888888
2 0.29833984375 0.8567708333333334 0.0068359375 0.006076388888888889
2 0.427734375 0.7899305555555556 0.02001953125 0.019097222222222224
2 0.36962890625 0.9609375 0.0205078125 0.024305555555555556
2 0.47119140625 0.7482638888888888 0.0166015625 0.011284722222222222
2 0.66259765625 0.2109375 0.01953125 0.018229166666666668