2 0.470703125 0.9782986111111112 0.0205078125 0.043402777777777776
2 0.55029296875 0.7638888888888888 0.02099609375 0.041666666666666664
2 0.40087890625 0.4965277777777778 0.0234375 0.08333333333333333
2 0.51025390625 0.4001736111111111 0.01513671875 0.06163194444444445
2 0.54833984375 0.3706597222222222 0.03662109375 0.1371527777777778
2 0.4970703125 0.2621527777777778 0.01708984375 0.0234375
2 0.556640625 0.17881944444444445 0.0224609375 0.051215277777777776
2 0.56103515625 0.05642361111111111 0.01025390625 0.030381944444444444
2 0.6083984375 0.07725694444444445 0.0087890625 0.019097222222222224
2 0.453125 0.14322916666666666 0.0078125 0.03732638888888889
2 0.3447265625 0.05555555555555555 0.0087890625 0.034722222222222224
2 0.31298828125 0.016493055555555556 0.015625 0.03298611111111111
2 0.30810546875 0.04600694444444445 0.0078125 0.019965277777777776
2 0.29931640625 0.14149305555555555 0.00341796875 0.012152777777777778
2 0.3369140625 0.3715277777777778 0.0107421875 0.035590277777777776
2 0.24072265625 0.2682291666666667 0.013671875 0.036458333333333336
2 0.3603515625 0.4487847222222222 0.00634765625 0.029513888888888888
2 0.66259765625 0.7890625 0.01025390625 0.034722222222222224