2 0.22021484375 0.4479166666666667 0.04541015625 0.036458333333333336
2 0.3515625 0.5894097222222222 0.0234375 0.03732638888888889
2 0.501953125 0.3237847222222222 0.046875 0.041666666666666664
2 0.55615234375 0.5182291666666666 0.03466796875 0.026909722222222224
2 0.57275390625 0.5859375 0.0771484375 0.06510416666666667
2 0.6337890625 0.4947916666666667 0.01318359375 0.030381944444444444
2 0.6806640625 0.6006944444444444 0.02880859375 0.03993055555555555
2 0.74951171875 0.6085069444444444 0.01708984375 0.018229166666666668
2 0.73779296875 0.6927083333333334 0.0107421875 0.015625
2 0.70068359375 0.4166666666666667 0.02099609375 0.013888888888888888
2 0.75 0.22395833333333334 0.01953125 0.015625
2 0.85205078125 0.3871527777777778 0.0107421875 0.014756944444444444
2 0.83642578125 0.28125 0.02099609375 0.022569444444444444
2 0.927734375 0.4661458333333333 0.05078125 0.029513888888888888
2 0.8974609375 0.3446180555555556 0.0263671875 0.030381944444444444
2 0.9453125 0.3203125 0.056640625 0.050347222222222224
2 0.95458984375 0.4157986111111111 0.08642578125 0.07118055555555555
2 0.83154296875 0.24913194444444445 0.01416015625 0.013888888888888888
2 0.80029296875 0.1909722222222222 0.01171875 0.014756944444444444
2 0.85107421875 0.2109375 0.06494140625 0.041666666666666664
2 0.83544921875 0.1579861111111111 0.04443359375 0.026909722222222224
2 0.8388671875 0.1796875 0.03955078125 0.024305555555555556
2 0.787109375 0.1675347222222222 0.048828125 0.027777777777777776
2 0.75537109375 0.15885416666666666 0.01123046875 0.013888888888888888
2 0.8017578125 0.052083333333333336 0.021484375 0.021701388888888888
2 0.70166015625 0.14322916666666666 0.0068359375 0.006076388888888889
2 0.572265625 0.21006944444444445 0.02001953125 0.019097222222222224
2 0.63037109375 0.0390625 0.0205078125 0.024305555555555556
2 0.52880859375 0.2517361111111111 0.0166015625 0.011284722222222222
2 0.33740234375 0.7890625 0.01953125 0.018229166666666668