2 0.4091796875 0.4322916666666667 0.07275390625 0.06163194444444445
2 0.3583984375 0.5190972222222222 0.01220703125 0.026041666666666668
2 0.30419921875 0.5928819444444444 0.021484375 0.011284722222222222
2 0.3134765625 0.4149305555555556 0.0263671875 0.035590277777777776
2 0.25048828125 0.40625 0.01416015625 0.015625
2 0.259765625 0.3246527777777778 0.00927734375 0.011284722222222222
2 0.15576171875 0.6180555555555556 0.00927734375 0.012152777777777778
2 0.06640625 0.6840277777777778 0.06103515625 0.04861111111111111
2 0.0556640625 0.5868055555555556 0.0849609375 0.06510416666666667
2 0.08203125 0.5416666666666666 0.04833984375 0.024305555555555556
2 0.11181640625 0.6605902777777778 0.02685546875 0.028645833333333332
2 0.76953125 0.5668402777777778 0.0458984375 0.028645833333333332
2 0.61328125 0.21961805555555555 0.02001953125 0.019965277777777776
2 0.607421875 0.4149305555555556 0.02294921875 0.03211805555555555
2 0.4296875 0.4973958333333333 0.03076171875 0.016493055555555556
2 0.25732421875 0.7803819444444444 0.02001953125 0.019097222222222224
2 0.42919921875 0.7960069444444444 0.0205078125 0.022569444444444444
2 0.39404296875 0.8177083333333334 0.01806640625 0.026909722222222224
2 0.22119140625 0.8394097222222222 0.0498046875 0.03993055555555555
2 0.17578125 0.8480902777777778 0.048828125 0.029513888888888888
2 0.17138671875 0.8229166666666666 0.03955078125 0.026909722222222224
2 0.15771484375 0.7916666666666666 0.0634765625 0.04079861111111111
2 0.17333984375 0.7222222222222222 0.01904296875 0.019097222222222224
2 0.25 0.8446180555555556 0.01123046875 0.013020833333333334
2 0.20751953125 0.8125 0.01025390625 0.010416666666666666
2 0.17822265625 0.7543402777777778 0.0126953125 0.014756944444444444
2 0.2060546875 0.9513888888888888 0.02099609375 0.018229166666666668
2 0.1689453125 0.9826388888888888 0.01318359375 0.010416666666666666
2 0.064453125 0.6241319444444444 0.0244140625 0.016493055555555556
2 0.59326171875 0.6901041666666666 0.01708984375 0.017361111111111112
2 0.46826171875 0.7552083333333334 0.01513671875 0.009548611111111112
2 0.24462890625 0.9713541666666666 0.02197265625 0.03125