2 0.5908203125 0.5677083333333334 0.07275390625 0.06163194444444445
2 0.6416015625 0.4809027777777778 0.01220703125 0.026041666666666668
2 0.69580078125 0.4071180555555556 0.021484375 0.011284722222222222
2 0.6865234375 0.5850694444444444 0.0263671875 0.035590277777777776
2 0.74951171875 0.59375 0.01416015625 0.015625
2 0.740234375 0.6753472222222222 0.00927734375 0.011284722222222222
2 0.84423828125 0.3819444444444444 0.00927734375 0.012152777777777778
2 0.93359375 0.3159722222222222 0.06103515625 0.04861111111111111
2 0.9443359375 0.4131944444444444 0.0849609375 0.06510416666666667
2 0.91796875 0.4583333333333333 0.04833984375 0.024305555555555556
2 0.88818359375 0.3394097222222222 0.02685546875 0.028645833333333332
2 0.23046875 0.4331597222222222 0.0458984375 0.028645833333333332
2 0.38671875 0.7803819444444444 0.02001953125 0.019965277777777776
2 0.392578125 0.5850694444444444 0.02294921875 0.03211805555555555
2 0.5703125 0.5026041666666666 0.03076171875 0.016493055555555556
2 0.74267578125 0.21961805555555555 0.02001953125 0.019097222222222224
2 0.57080078125 0.20399305555555555 0.0205078125 0.022569444444444444
2 0.60595703125 0.18229166666666666 0.01806640625 0.026909722222222224
2 0.77880859375 0.1605902777777778 0.0498046875 0.03993055555555555
2 0.82421875 0.1519097222222222 0.048828125 0.029513888888888888
2 0.82861328125 0.17708333333333334 0.03955078125 0.026909722222222224
2 0.84228515625 0.20833333333333334 0.0634765625 0.04079861111111111
2 0.82666015625 0.2777777777777778 0.01904296875 0.019097222222222224
2 0.75 0.15538194444444445 0.01123046875 0.013020833333333334
2 0.79248046875 0.1875 0.01025390625 0.010416666666666666
2 0.82177734375 0.2456597222222222 0.0126953125 0.014756944444444444
2 0.7939453125 0.04861111111111111 0.02099609375 0.018229166666666668
2 0.8310546875 0.017361111111111112 0.01318359375 0.010416666666666666
2 0.935546875 0.3758680555555556 0.0244140625 0.016493055555555556
2 0.40673828125 0.3098958333333333 0.01708984375 0.017361111111111112
2 0.53173828125 0.24479166666666666 0.01513671875 0.009548611111111112
2 0.75537109375 0.028645833333333332 0.02197265625 0.03125