2 0.5380859375 0.3385416666666667 0.03466796875 0.1293402777777778
2 0.4892578125 0.2482638888888889 0.0146484375 0.021701388888888888
2 0.44775390625 0.1519097222222222 0.00634765625 0.03819444444444445
2 0.5478515625 0.1684027777777778 0.02001953125 0.046875
2 0.552734375 0.05642361111111111 0.0087890625 0.025173611111111112
2 0.5986328125 0.07291666666666667 0.00634765625 0.016493055555555556
2 0.462158203125 0.9691840277777778 0.01611328125 0.06163194444444445
2 0.65771484375 0.7013888888888888 0.01123046875 0.035590277777777776
2 0.5478515625 0.6909722222222222 0.01806640625 0.04079861111111111
2 0.50146484375 0.375 0.00927734375 0.0546875
2 0.34228515625 0.0685763888888889 0.0107421875 0.035590277777777776
2 0.33349609375 0.3741319444444444 0.0126953125 0.036458333333333336
2 0.3212890625 0.3116319444444444 0.01513671875 0.03211805555555555
2 0.30908203125 0.024305555555555556 0.0224609375 0.04861111111111111
2 0.30615234375 0.05555555555555555 0.00732421875 0.019965277777777776
2 0.39306640625 0.6657986111111112 0.009765625 0.030381944444444444
2 0.3564453125 0.4435763888888889 0.00537109375 0.026909722222222224
2 0.23486328125 0.04600694444444445 0.017578125 0.0390625