2 0.453125 0.5824652777777778 0.0390625 0.140625
2 0.48876953125 0.5477430555555556 0.01123046875 0.057291666666666664
2 0.50341796875 0.6961805555555556 0.0166015625 0.021701388888888888
2 0.4423828125 0.7578125 0.02197265625 0.04861111111111111
2 0.4404296875 0.8828125 0.00927734375 0.028645833333333332
2 0.39501953125 0.8498263888888888 0.0078125 0.022569444444444444
2 0.5439453125 0.8038194444444444 0.0078125 0.03993055555555555
2 0.684326171875 0.9704861111111112 0.01904296875 0.059027777777777776
2 0.65283203125 0.9157986111111112 0.00732421875 0.03211805555555555
2 0.68994140625 0.9348958333333334 0.00634765625 0.017361111111111112
2 0.6962890625 0.8350694444444444 0.0048828125 0.010416666666666666
2 0.65673828125 0.5894097222222222 0.009765625 0.028645833333333332
2 0.4375 0.22916666666666666 0.0185546875 0.04600694444444445
2 0.3271484375 0.203125 0.00830078125 0.033854166666666664
2 0.54833984375 0.016493055555555556 0.0185546875 0.03298611111111111
2 0.5966796875 0.2734375 0.01220703125 0.025173611111111112
2 0.59326171875 0.4574652777777778 0.0224609375 0.1032986111111111
2 0.634765625 0.5034722222222222 0.0068359375 0.027777777777777776
2 0.6279296875 0.4487847222222222 0.005859375 0.03298611111111111