2 0.546875 0.4175347222222222 0.0390625 0.140625
2 0.51123046875 0.4522569444444444 0.01123046875 0.057291666666666664
2 0.49658203125 0.3038194444444444 0.0166015625 0.021701388888888888
2 0.5576171875 0.2421875 0.02197265625 0.04861111111111111
2 0.5595703125 0.1171875 0.00927734375 0.028645833333333332
2 0.60498046875 0.1501736111111111 0.0078125 0.022569444444444444
2 0.4560546875 0.19618055555555555 0.0078125 0.03993055555555555
2 0.315185546875 0.029513888888888888 0.01904296875 0.059027777777777776
2 0.34716796875 0.0842013888888889 0.00732421875 0.03211805555555555
2 0.31005859375 0.06510416666666667 0.00634765625 0.017361111111111112
2 0.3037109375 0.16493055555555555 0.0048828125 0.010416666666666666
2 0.34326171875 0.4105902777777778 0.009765625 0.028645833333333332
2 0.5625 0.7708333333333334 0.0185546875 0.04600694444444445
2 0.6728515625 0.796875 0.00830078125 0.033854166666666664
2 0.45166015625 0.9830729166666666 0.0185546875 0.033854166666666664
2 0.4033203125 0.7265625 0.01220703125 0.025173611111111112
2 0.40673828125 0.5425347222222222 0.0224609375 0.1032986111111111
2 0.365234375 0.4965277777777778 0.0068359375 0.027777777777777776
2 0.3720703125 0.5512152777777778 0.005859375 0.03298611111111111