2 0.54638671875 0.5833333333333334 0.0791015625 0.06944444444444445
2 0.52685546875 0.5199652777777778 0.0322265625 0.019965277777777776
2 0.6103515625 0.4939236111111111 0.01220703125 0.029513888888888888
2 0.64501953125 0.6024305555555556 0.02734375 0.0390625
2 0.71533203125 0.6059027777777778 0.01611328125 0.016493055555555556
2 0.69677734375 0.6866319444444444 0.0126953125 0.013888888888888888
2 0.6708984375 0.421875 0.0224609375 0.013888888888888888
2 0.91259765625 0.4644097222222222 0.05126953125 0.029513888888888888
2 0.89013671875 0.8038194444444444 0.01611328125 0.022569444444444444
2 0.935546875 0.3819444444444444 0.0244140625 0.020833333333333332
2 0.94189453125 0.4166666666666667 0.09228515625 0.06770833333333333
2 0.83642578125 0.3897569444444444 0.0087890625 0.012152777777777778
2 0.9267578125 0.3194444444444444 0.0595703125 0.05642361111111111
2 0.88427734375 0.3472222222222222 0.025390625 0.033854166666666664
2 0.96484375 0.3055555555555556 0.01025390625 0.013888888888888888
2 0.8408203125 0.2144097222222222 0.06640625 0.042534722222222224
2 0.822265625 0.1857638888888889 0.0419921875 0.024305555555555556
2 0.81689453125 0.15885416666666666 0.04345703125 0.033854166666666664
2 0.767578125 0.171875 0.0390625 0.033854166666666664
2 0.78515625 0.1953125 0.0087890625 0.009548611111111112
2 0.73388671875 0.2282986111111111 0.01806640625 0.013020833333333334
2 0.74462890625 0.1623263888888889 0.009765625 0.011284722222222222
2 0.6884765625 0.15104166666666666 0.005859375 0.008680555555555556
2 0.55029296875 0.22135416666666666 0.01611328125 0.017361111111111112
2 0.34765625 0.6111111111111112 0.02587890625 0.03298611111111111
2 0.3330078125 0.8072916666666666 0.01904296875 0.014756944444444444
2 0.21533203125 0.4140625 0.04443359375 0.03298611111111111
2 0.37255859375 0.328125 0.01416015625 0.021701388888888888
2 0.47607421875 0.3342013888888889 0.05810546875 0.03993055555555555
2 0.501953125 0.2604166666666667 0.015625 0.012152777777777778
2 0.47119140625 0.2725694444444444 0.0185546875 0.010416666666666666