2 0.55419921875 0.4696180555555556 0.01025390625 0.05642361111111111
2 0.53955078125 0.3151041666666667 0.017578125 0.020833333333333332
2 0.59912109375 0.2543402777777778 0.02197265625 0.04774305555555555
2 0.59033203125 0.4236111111111111 0.03759765625 0.13368055555555555
2 0.38720703125 0.4496527777777778 0.01123046875 0.03125
2 0.390625 0.12586805555555555 0.009765625 0.03211805555555555
2 0.35400390625 0.10677083333333333 0.00634765625 0.019097222222222224
2 0.35888671875 0.06336805555555555 0.01708984375 0.08333333333333333
2 0.3212890625 0.026909722222222224 0.0068359375 0.022569444444444444
2 0.35400390625 0.010850694444444444 0.015625 0.021701388888888888
2 0.3720703125 0.03819444444444445 0.00537109375 0.016493055555555556
2 0.34716796875 0.20399305555555555 0.00341796875 0.010416666666666666
2 0.4423828125 0.2074652777777778 0.01025390625 0.028645833333333332
2 0.49951171875 0.2248263888888889 0.00732421875 0.036458333333333336
2 0.60009765625 0.1310763888888889 0.0087890625 0.028645833333333332
2 0.64453125 0.15885416666666666 0.00830078125 0.019097222222222224
2 0.23583984375 0.3194444444444444 0.005859375 0.019965277777777776
2 0.26708984375 0.2222222222222222 0.01171875 0.0234375
2 0.2958984375 0.043402777777777776 0.00830078125 0.03819444444444445
2 0.24658203125 0.25 0.00732421875 0.024305555555555556
2 0.24072265625 0.4045138888888889 0.0078125 0.06163194444444445
2 0.22265625 0.5625 0.0078125 0.1032986111111111
2 0.416015625 0.5928819444444444 0.00537109375 0.029513888888888888
2 0.40869140625 0.5381944444444444 0.00634765625 0.027777777777777776
2 0.4501953125 0.5651041666666666 0.021484375 0.0763888888888889
2 0.447265625 0.7777777777777778 0.01123046875 0.026041666666666668
2 0.61181640625 0.8229166666666666 0.01416015625 0.050347222222222224
2 0.72314453125 0.8428819444444444 0.01318359375 0.03125