2 0.51708984375 0.5963541666666666 0.03173828125 0.018229166666666668
2 0.60400390625 0.5703125 0.01171875 0.03125
2 0.63818359375 0.6762152777777778 0.02685546875 0.0390625
2 0.54296875 0.6605902777777778 0.0751953125 0.06684027777777778
2 0.5283203125 0.2994791666666667 0.017578125 0.019965277777777776
2 0.71044921875 0.3055555555555556 0.01806640625 0.017361111111111112
2 0.72119140625 0.2404513888888889 0.0107421875 0.011284722222222222
2 0.74560546875 0.24913194444444445 0.046875 0.030381944444444444
2 0.76611328125 0.18229166666666666 0.0126953125 0.012152777777777778
2 0.78955078125 0.2404513888888889 0.041015625 0.027777777777777776
2 0.79296875 0.2682291666666667 0.03955078125 0.03211805555555555
2 0.81591796875 0.2916666666666667 0.05224609375 0.0390625
2 0.78759765625 0.328125 0.01318359375 0.012152777777777778
2 0.759765625 0.2725694444444444 0.00927734375 0.009548611111111112
2 0.79345703125 0.3619791666666667 0.0185546875 0.019965277777777776
2 0.86083984375 0.4253472222222222 0.02490234375 0.030381944444444444
2 0.81640625 0.4678819444444444 0.0087890625 0.011284722222222222
2 0.89501953125 0.3984375 0.05615234375 0.04600694444444445
2 0.93115234375 0.3854166666666667 0.0078125 0.009548611111111112
2 0.91064453125 0.4618055555555556 0.0234375 0.020833333333333332
2 0.9169921875 0.4956597222222222 0.08642578125 0.06336805555555555
2 0.890625 0.5442708333333334 0.0517578125 0.030381944444444444
2 0.9833984375 0.3220486111111111 0.033203125 0.03819444444444445
2 0.66650390625 0.2282986111111111 0.005859375 0.006076388888888889
2 0.66455078125 0.3975694444444444 0.01611328125 0.018229166666666668
2 0.65478515625 0.4991319444444444 0.0205078125 0.013020833333333334
2 0.70751953125 0.6779513888888888 0.01611328125 0.015625
2 0.69189453125 0.7569444444444444 0.0107421875 0.014756944444444444
2 0.98388671875 0.8229166666666666 0.021484375 0.017361111111111112
2 0.9248046875 0.7335069444444444 0.0205078125 0.010416666666666666
2 0.6015625 0.030381944444444444 0.01123046875 0.010416666666666666
2 0.65625 0.0859375 0.01318359375 0.020833333333333332
2 0.7568359375 0.1371527777777778 0.021484375 0.014756944444444444
2 0.7890625 0.10416666666666667 0.01416015625 0.011284722222222222
2 0.640625 0.049479166666666664 0.013671875 0.013020833333333334
2 0.5537109375 0.0390625 0.03466796875 0.013888888888888888
2 0.46484375 0.006944444444444444 0.05810546875 0.013888888888888888
2 0.44775390625 0.3506944444444444 0.0166015625 0.009548611111111112
2 0.478515625 0.3376736111111111 0.015625 0.011284722222222222
2 0.46337890625 0.4114583333333333 0.04296875 0.03819444444444445
2 0.1640625 0.4652777777777778 0.04248046875 0.033854166666666664
2 0.34375 0.40625 0.0146484375 0.019965277777777776
2 0.318359375 0.6987847222222222 0.0283203125 0.025173611111111112
2 0.30712890625 0.8967013888888888 0.017578125 0.0234375
2 0.1474609375 0.6579861111111112 0.01904296875 0.017361111111111112