2 0.44580078125 0.5303819444444444 0.01025390625 0.05642361111111111
2 0.46044921875 0.6848958333333334 0.017578125 0.020833333333333332
2 0.40087890625 0.7456597222222222 0.02197265625 0.04774305555555555
2 0.40966796875 0.5763888888888888 0.03759765625 0.13368055555555555
2 0.61279296875 0.5503472222222222 0.01123046875 0.03125
2 0.609375 0.8741319444444444 0.009765625 0.03211805555555555
2 0.64599609375 0.8932291666666666 0.00634765625 0.019097222222222224
2 0.64111328125 0.9366319444444444 0.01708984375 0.08333333333333333
2 0.6787109375 0.9730902777777778 0.0068359375 0.022569444444444444
2 0.64599609375 0.9891493055555556 0.015625 0.021701388888888888
2 0.630126953125 0.9926215277777778 0.01806640625 0.014756944444444444
2 0.6279296875 0.9618055555555556 0.00537109375 0.016493055555555556
2 0.65283203125 0.7960069444444444 0.00341796875 0.010416666666666666
2 0.5576171875 0.7925347222222222 0.01025390625 0.028645833333333332
2 0.50048828125 0.7751736111111112 0.00732421875 0.036458333333333336
2 0.39990234375 0.8689236111111112 0.0087890625 0.028645833333333332
2 0.35546875 0.8411458333333334 0.00830078125 0.019097222222222224
2 0.76416015625 0.6805555555555556 0.005859375 0.019965277777777776
2 0.73291015625 0.7777777777777778 0.01171875 0.0234375
2 0.7041015625 0.9565972222222222 0.00830078125 0.03819444444444445
2 0.75341796875 0.75 0.00732421875 0.024305555555555556
2 0.75927734375 0.5954861111111112 0.0078125 0.06163194444444445
2 0.77734375 0.4375 0.0078125 0.1032986111111111
2 0.583984375 0.4071180555555556 0.00537109375 0.029513888888888888
2 0.59130859375 0.4618055555555556 0.00634765625 0.027777777777777776
2 0.5498046875 0.4348958333333333 0.021484375 0.0763888888888889
2 0.552734375 0.2222222222222222 0.01123046875 0.026041666666666668
2 0.38818359375 0.17708333333333334 0.01416015625 0.050347222222222224
2 0.27685546875 0.15711805555555555 0.01318359375 0.03125