2 0.47509765625 0.6102430555555556 0.02978515625 0.021701388888888888
2 0.5029296875 0.6744791666666666 0.07568359375 0.0703125
2 0.59130859375 0.6909722222222222 0.02685546875 0.041666666666666664
2 0.5712890625 0.5876736111111112 0.01416015625 0.03211805555555555
2 0.67041015625 0.6918402777777778 0.01513671875 0.013888888888888888
2 0.6455078125 0.7708333333333334 0.01025390625 0.015625
2 0.6181640625 0.5208333333333334 0.02099609375 0.013020833333333334
2 0.689453125 0.3289930555555556 0.01806640625 0.016493055555555556
2 0.70361328125 0.265625 0.009765625 0.011284722222222222
2 0.7236328125 0.2760416666666667 0.03759765625 0.025173611111111112
2 0.74267578125 0.2977430555555556 0.00830078125 0.008680555555555556
2 0.74755859375 0.28125 0.005859375 0.008680555555555556
2 0.7685546875 0.3541666666666667 0.01220703125 0.011284722222222222
2 0.77490234375 0.3862847222222222 0.01904296875 0.015625
2 0.77197265625 0.2673611111111111 0.03857421875 0.025173611111111112
2 0.77294921875 0.2907986111111111 0.03955078125 0.022569444444444444
2 0.79541015625 0.3185763888888889 0.06103515625 0.03819444444444445
2 0.744140625 0.1657986111111111 0.02099609375 0.016493055555555556
2 0.77587890625 0.13020833333333334 0.013671875 0.011284722222222222
2 0.70751953125 0.1519097222222222 0.01708984375 0.0234375
2 0.64892578125 0.2543402777777778 0.00537109375 0.006076388888888889
2 0.62451171875 0.08072916666666667 0.01416015625 0.014756944444444444
2 0.67626953125 0.07899305555555555 0.005859375 0.005208333333333333
2 0.52978515625 0.06944444444444445 0.02880859375 0.014756944444444444
2 0.58154296875 0.059895833333333336 0.0107421875 0.010416666666666666
2 0.59423828125 0.13194444444444445 0.017578125 0.013888888888888888
2 0.435546875 0.028645833333333332 0.05859375 0.025173611111111112
2 0.49560546875 0.3255208333333333 0.01611328125 0.021701388888888888
2 0.42333984375 0.1640625 0.0166015625 0.014756944444444444
2 0.3125 0.4201388888888889 0.01513671875 0.0234375
2 0.166015625 0.4071180555555556 0.0380859375 0.03125
2 0.44580078125 0.4314236111111111 0.07861328125 0.051215277777777776
2 0.44091796875 0.3559027777777778 0.015625 0.013020833333333334
2 0.408203125 0.3697916666666667 0.017578125 0.012152777777777778
2 0.29248046875 0.7100694444444444 0.025390625 0.03125
2 0.28515625 0.9105902777777778 0.0185546875 0.025173611111111112
2 0.9130859375 0.4123263888888889 0.00830078125 0.008680555555555556
2 0.87646484375 0.4244791666666667 0.056640625 0.04861111111111111
2 0.8466796875 0.4505208333333333 0.02685546875 0.029513888888888888
2 0.904296875 0.5225694444444444 0.08984375 0.06597222222222222
2 0.87744140625 0.5703125 0.0498046875 0.03298611111111111
2 0.97607421875 0.3463541666666667 0.04736328125 0.04079861111111111
2 0.9609375 0.8420138888888888 0.0224609375 0.018229166666666668
2 0.96435546875 0.6241319444444444 0.0078125 0.027777777777777776
2 0.798828125 0.4939236111111111 0.0087890625 0.011284722222222222
2 0.58056640625 0.16319444444444445 0.01513671875 0.019965277777777776