2 0.50927734375 0.3315972222222222 0.0751953125 0.0642361111111111
2 0.4443359375 0.4166666666666667 0.013671875 0.030381944444444444
2 0.16064453125 0.4418402777777778 0.05029296875 0.03211805555555555
2 0.19482421875 0.5581597222222222 0.0234375 0.026041666666666668
2 0.1435546875 0.5208333333333334 0.0224609375 0.017361111111111112
2 0.138671875 0.4878472222222222 0.083984375 0.06336805555555555
2 0.26318359375 0.6215277777777778 0.01806640625 0.015625
2 0.2421875 0.6892361111111112 0.046875 0.03819444444444445
2 0.32763671875 0.7352430555555556 0.01708984375 0.014756944444444444
2 0.2861328125 0.7378472222222222 0.06640625 0.034722222222222224
2 0.26904296875 0.7152777777777778 0.0390625 0.021701388888888888
2 0.3447265625 0.6796875 0.01806640625 0.015625
2 0.8740234375 0.5963541666666666 0.037109375 0.03298611111111111
2 0.72021484375 0.2769097222222222 0.02197265625 0.030381944444444444
2 0.52685546875 0.6744791666666666 0.01513671875 0.019965277777777776
2 0.42626953125 0.3168402777777778 0.0283203125 0.0390625
2 0.541015625 0.3888888888888889 0.02880859375 0.0234375
2 0.40771484375 0.4852430555555556 0.0234375 0.013888888888888888
2 0.35107421875 0.3203125 0.013671875 0.016493055555555556
2 0.37353515625 0.2387152777777778 0.01025390625 0.015625
2 0.23779296875 0.5147569444444444 0.0087890625 0.011284722222222222
2 0.271484375 0.6536458333333334 0.01220703125 0.013888888888888888
2 0.2998046875 0.8394097222222222 0.02197265625 0.015625
2 0.27001953125 0.8741319444444444 0.01318359375 0.0078125
2 0.49658203125 0.9348958333333334 0.0283203125 0.015625
2 0.45166015625 0.9453125 0.0107421875 0.008680555555555556
2 0.611328125 0.8307291666666666 0.017578125 0.012152777777777778
2 0.71044921875 0.5737847222222222 0.01806640625 0.022569444444444444
2 0.0693359375 0.6623263888888888 0.0673828125 0.050347222222222224
2 0.16943359375 0.5850694444444444 0.06103515625 0.04861111111111111
2 0.13720703125 0.5954861111111112 0.00830078125 0.010416666666666666
2 0.29736328125 0.7100694444444444 0.0087890625 0.013020833333333334
2 0.33349609375 0.7421875 0.00927734375 0.010416666666666666
2 0.7236328125 0.0763888888888889 0.017578125 0.0234375