2 0.49072265625 0.6684027777777778 0.0751953125 0.0642361111111111
2 0.5556640625 0.5833333333333334 0.013671875 0.030381944444444444
2 0.83935546875 0.5581597222222222 0.05029296875 0.03211805555555555
2 0.80517578125 0.4418402777777778 0.0234375 0.026041666666666668
2 0.8564453125 0.4791666666666667 0.0224609375 0.017361111111111112
2 0.861328125 0.5121527777777778 0.083984375 0.06336805555555555
2 0.73681640625 0.3784722222222222 0.01806640625 0.015625
2 0.7578125 0.3107638888888889 0.046875 0.03819444444444445
2 0.67236328125 0.2647569444444444 0.01708984375 0.014756944444444444
2 0.7138671875 0.2621527777777778 0.06640625 0.034722222222222224
2 0.73095703125 0.2847222222222222 0.0390625 0.021701388888888888
2 0.6552734375 0.3203125 0.01806640625 0.015625
2 0.1259765625 0.4036458333333333 0.037109375 0.03298611111111111
2 0.27978515625 0.7230902777777778 0.02197265625 0.030381944444444444
2 0.47314453125 0.3255208333333333 0.01513671875 0.019965277777777776
2 0.57373046875 0.6831597222222222 0.0283203125 0.0390625
2 0.458984375 0.6111111111111112 0.02880859375 0.0234375
2 0.59228515625 0.5147569444444444 0.0234375 0.013888888888888888
2 0.64892578125 0.6796875 0.013671875 0.016493055555555556
2 0.62646484375 0.7612847222222222 0.01025390625 0.015625
2 0.76220703125 0.4852430555555556 0.0087890625 0.011284722222222222
2 0.728515625 0.3463541666666667 0.01220703125 0.013888888888888888
2 0.7001953125 0.1605902777777778 0.02197265625 0.015625
2 0.72998046875 0.12586805555555555 0.01318359375 0.0078125
2 0.50341796875 0.06510416666666667 0.0283203125 0.015625
2 0.54833984375 0.0546875 0.0107421875 0.008680555555555556
2 0.388671875 0.16927083333333334 0.017578125 0.012152777777777778
2 0.28955078125 0.4262152777777778 0.01806640625 0.022569444444444444
2 0.9306640625 0.3376736111111111 0.0673828125 0.050347222222222224
2 0.83056640625 0.4149305555555556 0.06103515625 0.04861111111111111
2 0.86279296875 0.4045138888888889 0.00830078125 0.010416666666666666
2 0.70263671875 0.2899305555555556 0.0087890625 0.013020833333333334
2 0.66650390625 0.2578125 0.00927734375 0.010416666666666666
2 0.2763671875 0.9236111111111112 0.017578125 0.0234375