2 0.480712890625 0.9809027777777778 0.03759765625 0.03819444444444445
2 0.45458984375 0.9765625 0.017578125 0.046875
2 0.533447265625 0.9665798611111112 0.02587890625 0.06684027777777778
2 0.51806640625 0.9435763888888888 0.01611328125 0.041666666666666664
2 0.494140625 0.8628472222222222 0.005859375 0.013888888888888888
2 0.55224609375 0.8194444444444444 0.01025390625 0.03298611111111111
2 0.38134765625 0.6467013888888888 0.00927734375 0.026041666666666668
2 0.33251953125 0.5998263888888888 0.0068359375 0.018229166666666668
2 0.37646484375 0.5130208333333334 0.021484375 0.04774305555555555
2 0.3828125 0.3793402777777778 0.0380859375 0.1328125
2 0.41455078125 0.328125 0.01513671875 0.050347222222222224
2 0.43310546875 0.4947916666666667 0.0166015625 0.020833333333333332
2 0.47216796875 0.5538194444444444 0.00830078125 0.036458333333333336
2 0.5888671875 0.8585069444444444 0.01904296875 0.08680555555555555
2 0.5693359375 0.8064236111111112 0.0068359375 0.019965277777777776
2 0.599609375 0.7612847222222222 0.00537109375 0.013020833333333334
2 0.6083984375 0.7664930555555556 0.00537109375 0.012152777777777778
2 0.603515625 0.8064236111111112 0.0107421875 0.06944444444444445
2 0.61669921875 0.8038194444444444 0.0146484375 0.06684027777777778
2 0.611328125 0.7282986111111112 0.01416015625 0.0642361111111111
2 0.6171875 0.6970486111111112 0.00537109375 0.016493055555555556
2 0.669921875 0.7604166666666666 0.00732421875 0.034722222222222224
2 0.6455078125 0.7821180555555556 0.00732421875 0.020833333333333332
2 0.677734375 0.6961805555555556 0.01318359375 0.028645833333333332
2 0.62060546875 0.6128472222222222 0.00390625 0.010416666666666666
2 0.724609375 0.4869791666666667 0.0048828125 0.019097222222222224
2 0.66748046875 0.4982638888888889 0.0107421875 0.0234375
2 0.6845703125 0.5182291666666666 0.005859375 0.03298611111111111
2 0.71826171875 0.4088541666666667 0.0078125 0.04774305555555555
2 0.7421875 0.375 0.00341796875 0.019965277777777776
2 0.734375 0.2552083333333333 0.0146484375 0.0920138888888889
2 0.513671875 0.06770833333333333 0.01123046875 0.030381944444444444
2 0.51171875 0.2526041666666667 0.02587890625 0.08680555555555555
2 0.5556640625 0.2664930555555556 0.00634765625 0.029513888888888888
2 0.5458984375 0.2109375 0.0048828125 0.029513888888888888
2 0.5751953125 0.3541666666666667 0.01025390625 0.029513888888888888
2 0.58203125 0.6762152777777778 0.00927734375 0.03211805555555555
2 0.68896484375 0.8142361111111112 0.00634765625 0.022569444444444444
2 0.33837890625 0.043402777777777776 0.02197265625 0.04079861111111111