2 0.87255859375 0.3602430555555556 0.068359375 0.0390625
2 0.8037109375 0.5338541666666666 0.08740234375 0.06684027777777778
2 0.779296875 0.5807291666666666 0.048828125 0.03125
2 0.77294921875 0.4401041666666667 0.05859375 0.04600694444444445
2 0.80224609375 0.4279513888888889 0.00927734375 0.010416666666666666
2 0.74951171875 0.4678819444444444 0.0234375 0.028645833333333332
2 0.7041015625 0.5104166666666666 0.0078125 0.010416666666666666
2 0.6796875 0.4071180555555556 0.0185546875 0.018229166666666668
2 0.853515625 0.8350694444444444 0.0205078125 0.017361111111111112
2 0.9833984375 0.9114583333333334 0.017578125 0.04600694444444445
2 0.97998046875 0.6666666666666666 0.03955078125 0.0546875
2 0.97021484375 0.6197916666666666 0.05126953125 0.04774305555555555
2 0.8544921875 0.6302083333333334 0.0078125 0.025173611111111112
2 0.8935546875 0.6458333333333334 0.0146484375 0.013888888888888888
2 0.79931640625 0.7569444444444444 0.02099609375 0.009548611111111112
2 0.58251953125 0.7109375 0.0146484375 0.016493055555555556
2 0.55615234375 0.7977430555555556 0.01025390625 0.012152777777777778
2 0.50732421875 0.7196180555555556 0.02685546875 0.03819444444444445
2 0.43212890625 0.7083333333333334 0.07470703125 0.06770833333333333
2 0.4033203125 0.6519097222222222 0.0283203125 0.026909722222222224
2 0.4970703125 0.6189236111111112 0.01171875 0.029513888888888888
2 0.5302734375 0.5494791666666666 0.0205078125 0.014756944444444444
2 0.70166015625 0.3420138888888889 0.048828125 0.033854166666666664
2 0.67236328125 0.3767361111111111 0.01123046875 0.012152777777777778
2 0.64697265625 0.3229166666666667 0.00732421875 0.009548611111111112
2 0.64990234375 0.3072916666666667 0.0068359375 0.009548611111111112
2 0.67236328125 0.3159722222222222 0.0390625 0.019097222222222224
2 0.6708984375 0.2925347222222222 0.03759765625 0.026041666666666668
2 0.62841796875 0.3020833333333333 0.0361328125 0.025173611111111112
2 0.61083984375 0.2916666666666667 0.00927734375 0.009548611111111112
2 0.646484375 0.19791666666666666 0.01953125 0.013020833333333334
2 0.65869140625 0.24131944444444445 0.01171875 0.013020833333333334
2 0.6103515625 0.1840277777777778 0.01611328125 0.0234375
2 0.5634765625 0.2855902777777778 0.005859375 0.006944444444444444
2 0.49267578125 0.10069444444444445 0.0107421875 0.008680555555555556
2 0.4990234375 0.20225694444444445 0.01318359375 0.019097222222222224
2 0.51025390625 0.171875 0.0185546875 0.010416666666666666
2 0.44873046875 0.11197916666666667 0.02685546875 0.013888888888888888
2 0.4296875 0.06944444444444445 0.01123046875 0.006076388888888889
2 0.3623046875 0.08333333333333333 0.0517578125 0.026041666666666668
2 0.2568359375 0.4756944444444444 0.01708984375 0.019965277777777776
2 0.36083984375 0.4791666666666667 0.048828125 0.04600694444444445
2 0.36865234375 0.4010416666666667 0.0166015625 0.011284722222222222
2 0.33740234375 0.4184027777777778 0.0166015625 0.008680555555555556
2 0.41796875 0.3663194444444444 0.0166015625 0.018229166666666668
2 0.59912109375 0.3541666666666667 0.01806640625 0.016493055555555556
2 0.6767578125 0.1640625 0.0126953125 0.011284722222222222
2 0.9853515625 0.4036458333333333 0.013671875 0.022569444444444444
2 0.08984375 0.4557291666666667 0.02734375 0.03732638888888889
2 0.2431640625 0.7873263888888888 0.02294921875 0.0390625