2 0.48095703125 0.9774305555555556 0.05810546875 0.041666666666666664
2 0.44921875 0.9496527777777778 0.0380859375 0.026041666666666668
2 0.4453125 0.921875 0.0361328125 0.030381944444444444
2 0.42333984375 0.9496527777777778 0.00830078125 0.010416666666666666
2 0.40771484375 0.9227430555555556 0.03955078125 0.030381944444444444
2 0.39208984375 0.9131944444444444 0.0107421875 0.013888888888888888
2 0.37646484375 0.9756944444444444 0.01904296875 0.019097222222222224
2 0.35400390625 0.9036458333333334 0.00537109375 0.008680555555555556
2 0.27587890625 0.7152777777777778 0.01123046875 0.008680555555555556
2 0.2490234375 0.5980902777777778 0.03515625 0.015625
2 0.28466796875 0.7899305555555556 0.01611328125 0.014756944444444444
2 0.23876953125 0.7239583333333334 0.02587890625 0.015625
2 0.22021484375 0.6875 0.0107421875 0.009548611111111112
2 0.140625 0.6970486111111112 0.05615234375 0.024305555555555556
2 0.17041015625 0.9765625 0.0146484375 0.021701388888888888
2 0.427734375 0.8237847222222222 0.02001953125 0.013888888888888888
2 0.3232421875 0.7378472222222222 0.0146484375 0.010416666666666666
2 0.1240234375 0.5520833333333334 0.021484375 0.014756944444444444