2 0.2314453125 0.4661458333333333 0.0234375 0.1032986111111111
2 0.2470703125 0.4097222222222222 0.0146484375 0.06770833333333333
2 0.2626953125 0.4027777777777778 0.01708984375 0.0642361111111111
2 0.2470703125 0.3637152777777778 0.005859375 0.014756944444444444
2 0.26220703125 0.3359375 0.01708984375 0.0703125
2 0.267578125 0.3081597222222222 0.0078125 0.019097222222222224
2 0.232421875 0.2803819444444444 0.0107421875 0.033854166666666664
2 0.27294921875 0.2404513888888889 0.0048828125 0.009548611111111112
2 0.37890625 0.1015625 0.0048828125 0.019965277777777776
2 0.44482421875 0.05381944444444445 0.0087890625 0.0625
2 0.3369140625 0.1171875 0.00830078125 0.028645833333333332
2 0.3740234375 0.035590277777777776 0.0087890625 0.04600694444444445
2 0.394287109375 0.006076388888888889 0.00537109375 0.012152777777777778
2 0.31787109375 0.3715277777777778 0.0078125 0.035590277777777776
2 0.3662109375 0.1857638888888889 0.005859375 0.026041666666666668