2 0.72998046875 0.3472222222222222 0.05029296875 0.035590277777777776
2 0.73779296875 0.2569444444444444 0.0419921875 0.043402777777777776
2 0.6240234375 0.3420138888888889 0.03466796875 0.035590277777777776
2 0.65234375 0.3359375 0.0244140625 0.026041666666666668
2 0.3662109375 0.4600694444444444 0.0380859375 0.04774305555555555
2 0.314453125 0.3611111111111111 0.017578125 0.024305555555555556
2 0.33984375 0.4904513888888889 0.0439453125 0.043402777777777776
2 0.435546875 0.5217013888888888 0.0166015625 0.041666666666666664
2 0.3525390625 0.5373263888888888 0.02880859375 0.03298611111111111
2 0.40185546875 0.5277777777777778 0.07666015625 0.059895833333333336
2 0.43310546875 0.5616319444444444 0.03466796875 0.04513888888888889
2 0.4560546875 0.5277777777777778 0.013671875 0.025173611111111112
2 0.490234375 0.5442708333333334 0.00732421875 0.010416666666666666
2 0.474609375 0.5572916666666666 0.02294921875 0.030381944444444444
2 0.45556640625 0.609375 0.06494140625 0.04513888888888889
2 0.46240234375 0.6588541666666666 0.06005859375 0.04861111111111111
2 0.45556640625 0.734375 0.0498046875 0.030381944444444444
2 0.46630859375 0.7873263888888888 0.017578125 0.010416666666666666
2 0.41357421875 0.8498263888888888 0.01416015625 0.014756944444444444
2 0.384765625 0.8828125 0.00927734375 0.012152777777777778
2 0.20263671875 0.5078125 0.05712890625 0.04861111111111111
2 0.14599609375 0.4730902777777778 0.04150390625 0.05642361111111111
2 0.15185546875 0.4340277777777778 0.01953125 0.021701388888888888
2 0.216796875 0.4713541666666667 0.0146484375 0.019965277777777776
2 0.23779296875 0.4314236111111111 0.01123046875 0.013888888888888888
2 0.25048828125 0.4956597222222222 0.00732421875 0.011284722222222222
2 0.2685546875 0.5199652777777778 0.01123046875 0.021701388888888888
2 0.25244140625 0.5286458333333334 0.02099609375 0.0234375
2 0.5888671875 0.5911458333333334 0.00732421875 0.011284722222222222
2 0.58056640625 0.5208333333333334 0.05810546875 0.06076388888888889
2 0.6181640625 0.7994791666666666 0.03125 0.026909722222222224
2 0.64599609375 0.7751736111111112 0.04248046875 0.030381944444444444
2 0.630859375 0.7760416666666666 0.01025390625 0.013020833333333334
2 0.6875 0.7986111111111112 0.00927734375 0.011284722222222222
2 0.64697265625 0.7387152777777778 0.0341796875 0.03732638888888889
2 0.67529296875 0.7482638888888888 0.037109375 0.0234375
2 0.70556640625 0.7039930555555556 0.01611328125 0.013020833333333334
2 0.74853515625 0.8072916666666666 0.03857421875 0.026041666666666668
2 0.7138671875 0.4583333333333333 0.0087890625 0.011284722222222222
2 0.763671875 0.4991319444444444 0.01416015625 0.015625
2 0.7568359375 0.6796875 0.01416015625 0.012152777777777778
2 0.7939453125 0.8532986111111112 0.009765625 0.0078125
2 0.755859375 0.8541666666666666 0.00927734375 0.006944444444444444
2 0.353515625 0.2144097222222222 0.01611328125 0.028645833333333332