2 0.5859375 0.9088541666666666 0.02001953125 0.08940972222222222
2 0.63671875 0.9227430555555556 0.0244140625 0.07465277777777778
2 0.5888671875 0.7204861111111112 0.02001953125 0.06163194444444445
2 0.59228515625 0.7708333333333334 0.0146484375 0.043402777777777776
2 0.5224609375 0.2621527777777778 0.02685546875 0.06770833333333333
2 0.578125 0.1701388888888889 0.013671875 0.03125
2 0.50537109375 0.2152777777777778 0.0244140625 0.078125
2 0.48779296875 0.3854166666666667 0.0234375 0.029513888888888888
2 0.47900390625 0.2378472222222222 0.0185546875 0.051215277777777776
2 0.484375 0.3255208333333333 0.03369140625 0.1362847222222222
2 0.46533203125 0.3810763888888889 0.025390625 0.06163194444444445
2 0.484375 0.421875 0.01416015625 0.024305555555555556
2 0.47509765625 0.4826388888888889 0.005859375 0.013020833333333334
2 0.4677734375 0.4548611111111111 0.01708984375 0.04079861111111111
2 0.4384765625 0.4210069444444444 0.025390625 0.1154513888888889
2 0.41064453125 0.4331597222222222 0.02734375 0.10677083333333333
2 0.3681640625 0.4210069444444444 0.01708984375 0.08854166666666667
2 0.33837890625 0.4401041666666667 0.005859375 0.03125
2 0.30322265625 0.3463541666666667 0.00830078125 0.025173611111111112
2 0.28466796875 0.2951388888888889 0.0068359375 0.016493055555555556
2 0.49560546875 0.010850694444444444 0.02734375 0.021701388888888888
2 0.515869140625 0.004774305555555556 0.01123046875 0.009548611111111112
2 0.53857421875 0.033854166666666664 0.0078125 0.019965277777777776
2 0.50244140625 0.05642361111111111 0.00634765625 0.013020833333333334
2 0.48876953125 0.08854166666666667 0.01220703125 0.019965277777777776
2 0.48388671875 0.059895833333333336 0.01318359375 0.03732638888888889
2 0.44873046875 0.6579861111111112 0.00634765625 0.013020833333333334
2 0.48828125 0.6432291666666666 0.0341796875 0.1032986111111111
2 0.33154296875 0.7100694444444444 0.01513671875 0.05555555555555555
2 0.34521484375 0.7595486111111112 0.01708984375 0.07552083333333333
2 0.3447265625 0.7326388888888888 0.00732421875 0.018229166666666668
2 0.33203125 0.8333333333333334 0.00634765625 0.016493055555555556
2 0.36572265625 0.7612847222222222 0.02099609375 0.06076388888888889
2 0.3603515625 0.8116319444444444 0.01318359375 0.06597222222222222
2 0.38525390625 0.8654513888888888 0.00732421875 0.028645833333333332
2 0.3271484375 0.9418402777777778 0.0146484375 0.0685763888888889
2 0.5234375 0.8802083333333334 0.00634765625 0.015625
2 0.50048828125 0.96875 0.0087890625 0.025173611111111112
2 0.39892578125 0.9565972222222222 0.0068359375 0.025173611111111112
2 0.30078125 0.9548611111111112 0.00390625 0.016493055555555556
2 0.66064453125 0.23958333333333334 0.01611328125 0.028645833333333332