2 0.27001953125 0.6527777777777778 0.05029296875 0.035590277777777776
2 0.26220703125 0.7430555555555556 0.0419921875 0.043402777777777776
2 0.3759765625 0.6579861111111112 0.03466796875 0.035590277777777776
2 0.34765625 0.6640625 0.0244140625 0.026041666666666668
2 0.6337890625 0.5399305555555556 0.0380859375 0.04774305555555555
2 0.685546875 0.6388888888888888 0.017578125 0.024305555555555556
2 0.66015625 0.5095486111111112 0.0439453125 0.043402777777777776
2 0.564453125 0.4782986111111111 0.0166015625 0.041666666666666664
2 0.6474609375 0.4626736111111111 0.02880859375 0.03298611111111111
2 0.59814453125 0.4722222222222222 0.07666015625 0.059895833333333336
2 0.56689453125 0.4383680555555556 0.03466796875 0.04513888888888889
2 0.5439453125 0.4722222222222222 0.013671875 0.025173611111111112
2 0.509765625 0.4557291666666667 0.00732421875 0.010416666666666666
2 0.525390625 0.4427083333333333 0.02294921875 0.030381944444444444
2 0.54443359375 0.390625 0.06494140625 0.04513888888888889
2 0.53759765625 0.3411458333333333 0.06005859375 0.04861111111111111
2 0.54443359375 0.265625 0.0498046875 0.030381944444444444
2 0.53369140625 0.2126736111111111 0.017578125 0.010416666666666666
2 0.58642578125 0.1501736111111111 0.01416015625 0.014756944444444444
2 0.615234375 0.1171875 0.00927734375 0.012152777777777778
2 0.79736328125 0.4921875 0.05712890625 0.04861111111111111
2 0.85400390625 0.5269097222222222 0.04150390625 0.05642361111111111
2 0.84814453125 0.5659722222222222 0.01953125 0.021701388888888888
2 0.783203125 0.5286458333333334 0.0146484375 0.019965277777777776
2 0.76220703125 0.5685763888888888 0.01123046875 0.013888888888888888
2 0.74951171875 0.5043402777777778 0.00732421875 0.011284722222222222
2 0.7314453125 0.4800347222222222 0.01123046875 0.021701388888888888
2 0.74755859375 0.4713541666666667 0.02099609375 0.0234375
2 0.4111328125 0.4088541666666667 0.00732421875 0.011284722222222222
2 0.41943359375 0.4791666666666667 0.05810546875 0.06076388888888889
2 0.3818359375 0.20052083333333334 0.03125 0.026909722222222224
2 0.35400390625 0.2248263888888889 0.04248046875 0.030381944444444444
2 0.369140625 0.22395833333333334 0.01025390625 0.013020833333333334
2 0.3125 0.2013888888888889 0.00927734375 0.011284722222222222
2 0.35302734375 0.2612847222222222 0.0341796875 0.03732638888888889
2 0.32470703125 0.2517361111111111 0.037109375 0.0234375
2 0.29443359375 0.2960069444444444 0.01611328125 0.013020833333333334
2 0.25146484375 0.19270833333333334 0.03857421875 0.026041666666666668
2 0.2861328125 0.5416666666666666 0.0087890625 0.011284722222222222
2 0.236328125 0.5008680555555556 0.01416015625 0.015625
2 0.2431640625 0.3203125 0.01416015625 0.012152777777777778
2 0.2060546875 0.1467013888888889 0.009765625 0.0078125
2 0.244140625 0.14583333333333334 0.00927734375 0.006944444444444444
2 0.646484375 0.7855902777777778 0.01611328125 0.028645833333333332