2 0.657958984375 0.96875 0.02685546875 0.0625
2 0.6044921875 0.90625 0.02734375 0.08333333333333333
2 0.5888671875 0.7578125 0.01611328125 0.043402777777777776
2 0.4794921875 0.6180555555555556 0.03173828125 0.0998263888888889
2 0.53173828125 0.5494791666666666 0.00830078125 0.026041666666666668
2 0.52734375 0.5590277777777778 0.0068359375 0.018229166666666668
2 0.4638671875 0.4635416666666667 0.00537109375 0.011284722222222222
2 0.45703125 0.4375 0.01611328125 0.035590277777777776
2 0.47265625 0.4053819444444444 0.0126953125 0.021701388888888888
2 0.45263671875 0.3663194444444444 0.0244140625 0.06076388888888889
2 0.47509765625 0.3671875 0.02001953125 0.026041666666666668
2 0.47021484375 0.3064236111111111 0.033203125 0.1293402777777778
2 0.46533203125 0.22743055555555555 0.0224609375 0.049479166666666664
2 0.50537109375 0.2404513888888889 0.0244140625 0.06336805555555555
2 0.48876953125 0.19791666666666666 0.02197265625 0.07118055555555555
2 0.455078125 0.11805555555555555 0.009765625 0.026909722222222224
2 0.470703125 0.07552083333333333 0.01123046875 0.019965277777777776
2 0.4638671875 0.050347222222222224 0.01123046875 0.036458333333333336
2 0.522216796875 0.006076388888888889 0.00732421875 0.012152777777777778
2 0.5595703125 0.1362847222222222 0.01171875 0.0234375
2 0.4853515625 0.03993055555555555 0.00634765625 0.012152777777777778
2 0.427734375 0.4131944444444444 0.0244140625 0.11284722222222222
2 0.400390625 0.4236111111111111 0.029296875 0.0954861111111111
2 0.359375 0.421875 0.01708984375 0.08246527777777778
2 0.2939453125 0.3550347222222222 0.00732421875 0.025173611111111112
2 0.32568359375 0.7039930555555556 0.01318359375 0.06076388888888889
2 0.36083984375 0.7447916666666666 0.02099609375 0.05555555555555555
2 0.35791015625 0.7951388888888888 0.01416015625 0.06770833333333333
2 0.38427734375 0.8463541666666666 0.00830078125 0.029513888888888888
2 0.330078125 0.8246527777777778 0.00634765625 0.016493055555555556
2 0.33837890625 0.7196180555555556 0.00634765625 0.015625
2 0.33740234375 0.7560763888888888 0.0126953125 0.05642361111111111
2 0.32763671875 0.7847222222222222 0.00341796875 0.011284722222222222
2 0.33447265625 0.7864583333333334 0.00439453125 0.012152777777777778
2 0.2412109375 0.5798611111111112 0.01171875 0.08940972222222222
2 0.634765625 0.21180555555555555 0.01708984375 0.028645833333333332
2 0.52197265625 0.8854166666666666 0.005859375 0.015625