2 0.76708984375 0.21875 0.04150390625 0.04774305555555555
2 0.728515625 0.3142361111111111 0.046875 0.04861111111111111
2 0.64501953125 0.3420138888888889 0.0244140625 0.028645833333333332
2 0.56640625 0.5364583333333334 0.05615234375 0.05642361111111111
2 0.52783203125 0.4435763888888889 0.0146484375 0.014756944444444444
2 0.533203125 0.4513888888888889 0.01025390625 0.012152777777777778
2 0.4794921875 0.5642361111111112 0.00634765625 0.009548611111111112
2 0.46484375 0.5763888888888888 0.02001953125 0.028645833333333332
2 0.44677734375 0.5486111111111112 0.01220703125 0.022569444444444444
2 0.4248046875 0.5842013888888888 0.0341796875 0.043402777777777776
2 0.42529296875 0.5442708333333334 0.0146484375 0.035590277777777776
2 0.39111328125 0.5529513888888888 0.07275390625 0.059027777777777776
2 0.3466796875 0.5616319444444444 0.02783203125 0.03993055555555555
2 0.35400390625 0.4904513888888889 0.03564453125 0.043402777777777776
2 0.330078125 0.5199652777777778 0.0400390625 0.0390625
2 0.28515625 0.5798611111111112 0.01513671875 0.017361111111111112
2 0.26123046875 0.5520833333333334 0.01123046875 0.019965277777777776
2 0.2470703125 0.5642361111111112 0.0205078125 0.019965277777777776
2 0.20849609375 0.5069444444444444 0.01708984375 0.019097222222222224
2 0.19091796875 0.5416666666666666 0.06103515625 0.051215277777777776
2 0.2197265625 0.4600694444444444 0.01220703125 0.013020833333333334
2 0.13671875 0.5138888888888888 0.0390625 0.050347222222222224
2 0.1376953125 0.4696180555555556 0.017578125 0.018229166666666668
2 0.29541015625 0.3940972222222222 0.01318359375 0.020833333333333332
2 0.2412109375 0.5260416666666666 0.0068359375 0.011284722222222222
2 0.451171875 0.6284722222222222 0.0634765625 0.043402777777777776
2 0.45703125 0.6770833333333334 0.0537109375 0.052083333333333336
2 0.4560546875 0.75 0.04638671875 0.030381944444444444
2 0.41845703125 0.8663194444444444 0.01416015625 0.013020833333333334
2 0.61474609375 0.8098958333333334 0.0341796875 0.0234375
2 0.6376953125 0.7473958333333334 0.03125 0.03732638888888889
2 0.666015625 0.7526041666666666 0.0380859375 0.025173611111111112
2 0.69482421875 0.7057291666666666 0.0166015625 0.014756944444444444
2 0.6826171875 0.8020833333333334 0.00927734375 0.011284722222222222
2 0.62353515625 0.7873263888888888 0.0087890625 0.011284722222222222
2 0.64404296875 0.7890625 0.03173828125 0.022569444444444444
2 0.66015625 0.8064236111111112 0.00634765625 0.006076388888888889
2 0.6611328125 0.7942708333333334 0.0068359375 0.0078125
2 0.544921875 0.9600694444444444 0.05029296875 0.020833333333333332
2 0.337890625 0.2604166666666667 0.01611328125 0.030381944444444444
2 0.96533203125 0.7751736111111112 0.013671875 0.011284722222222222
2 0.92333984375 0.7795138888888888 0.01220703125 0.012152777777777778
2 0.9326171875 0.7873263888888888 0.0107421875 0.009548611111111112
2 0.716796875 0.4609375 0.0087890625 0.010416666666666666