2 0.23291015625 0.78125 0.04150390625 0.04774305555555555
2 0.271484375 0.6857638888888888 0.046875 0.04861111111111111
2 0.35498046875 0.6579861111111112 0.0244140625 0.028645833333333332
2 0.43359375 0.4635416666666667 0.05615234375 0.05642361111111111
2 0.47216796875 0.5564236111111112 0.0146484375 0.014756944444444444
2 0.466796875 0.5486111111111112 0.01025390625 0.012152777777777778
2 0.5205078125 0.4357638888888889 0.00634765625 0.009548611111111112
2 0.53515625 0.4236111111111111 0.02001953125 0.028645833333333332
2 0.55322265625 0.4513888888888889 0.01220703125 0.022569444444444444
2 0.5751953125 0.4157986111111111 0.0341796875 0.043402777777777776
2 0.57470703125 0.4557291666666667 0.0146484375 0.035590277777777776
2 0.60888671875 0.4470486111111111 0.07275390625 0.059027777777777776
2 0.6533203125 0.4383680555555556 0.02783203125 0.03993055555555555
2 0.64599609375 0.5095486111111112 0.03564453125 0.043402777777777776
2 0.669921875 0.4800347222222222 0.0400390625 0.0390625
2 0.71484375 0.4201388888888889 0.01513671875 0.017361111111111112
2 0.73876953125 0.4479166666666667 0.01123046875 0.019965277777777776
2 0.7529296875 0.4357638888888889 0.0205078125 0.019965277777777776
2 0.79150390625 0.4930555555555556 0.01708984375 0.019097222222222224
2 0.80908203125 0.4583333333333333 0.06103515625 0.051215277777777776
2 0.7802734375 0.5399305555555556 0.01220703125 0.013020833333333334
2 0.86328125 0.4861111111111111 0.0390625 0.050347222222222224
2 0.8623046875 0.5303819444444444 0.017578125 0.018229166666666668
2 0.70458984375 0.6059027777777778 0.01318359375 0.020833333333333332
2 0.7587890625 0.4739583333333333 0.0068359375 0.011284722222222222
2 0.548828125 0.3715277777777778 0.0634765625 0.043402777777777776
2 0.54296875 0.3229166666666667 0.0537109375 0.052083333333333336
2 0.5439453125 0.25 0.04638671875 0.030381944444444444
2 0.58154296875 0.13368055555555555 0.01416015625 0.013020833333333334
2 0.38525390625 0.19010416666666666 0.0341796875 0.0234375
2 0.3623046875 0.2526041666666667 0.03125 0.03732638888888889
2 0.333984375 0.24739583333333334 0.0380859375 0.025173611111111112
2 0.30517578125 0.2942708333333333 0.0166015625 0.014756944444444444
2 0.3173828125 0.19791666666666666 0.00927734375 0.011284722222222222
2 0.37646484375 0.2126736111111111 0.0087890625 0.011284722222222222
2 0.35595703125 0.2109375 0.03173828125 0.022569444444444444
2 0.33984375 0.1935763888888889 0.00634765625 0.006076388888888889
2 0.3388671875 0.20572916666666666 0.0068359375 0.0078125
2 0.455078125 0.03993055555555555 0.05029296875 0.020833333333333332
2 0.662109375 0.7395833333333334 0.01611328125 0.030381944444444444
2 0.03466796875 0.2248263888888889 0.013671875 0.011284722222222222
2 0.07666015625 0.2204861111111111 0.01220703125 0.012152777777777778
2 0.0673828125 0.2126736111111111 0.0107421875 0.009548611111111112
2 0.283203125 0.5390625 0.0087890625 0.010416666666666666