2 0.12109375 0.6024305555555556 0.05908203125 0.041666666666666664
2 0.5654296875 0.5538194444444444 0.02978515625 0.024305555555555556
2 0.6376953125 0.8472222222222222 0.11376953125 0.08940972222222222
2 0.6650390625 0.7508680555555556 0.01171875 0.016493055555555556
2 0.6396484375 0.4973958333333333 0.0654296875 0.04513888888888889
2 0.69921875 0.5199652777777778 0.0634765625 0.07378472222222222
2 0.71630859375 0.4097222222222222 0.0498046875 0.042534722222222224
2 0.7646484375 0.3819444444444444 0.04736328125 0.04600694444444445
2 0.83251953125 0.3897569444444444 0.0205078125 0.025173611111111112
2 0.919921875 0.4913194444444444 0.02099609375 0.016493055555555556
2 0.96044921875 0.6293402777777778 0.0791015625 0.07378472222222222
2 0.92919921875 0.7517361111111112 0.11376953125 0.12760416666666666
2 0.9267578125 0.8602430555555556 0.13037109375 0.09027777777777778
2 0.873046875 0.9097222222222222 0.0595703125 0.049479166666666664
2 0.908203125 0.9496527777777778 0.09765625 0.08333333333333333
2 0.82763671875 0.9366319444444444 0.0146484375 0.018229166666666668
2 0.84033203125 0.9861111111111112 0.046875 0.026909722222222224
2 0.76123046875 0.7560763888888888 0.0126953125 0.020833333333333332
2 0.77197265625 0.8940972222222222 0.01953125 0.022569444444444444
2 0.453125 0.8072916666666666 0.013671875 0.016493055555555556
2 0.48583984375 0.5138888888888888 0.02099609375 0.019965277777777776
2 0.470703125 0.5347222222222222 0.01806640625 0.0234375
2 0.63232421875 0.3489583333333333 0.0244140625 0.020833333333333332
2 0.6201171875 0.2760416666666667 0.06005859375 0.05555555555555555
2 0.49267578125 0.0763888888888889 0.04296875 0.028645833333333332
2 0.38720703125 0.6710069444444444 0.01953125 0.020833333333333332
2 0.37109375 0.7890625 0.015625 0.016493055555555556
2 0.57861328125 0.2638888888888889 0.02294921875 0.025173611111111112