2 0.5302734375 0.3836805555555556 0.013671875 0.05295138888888889
2 0.6953125 0.2552083333333333 0.05029296875 0.20225694444444445
2 0.64111328125 0.2065972222222222 0.00927734375 0.020833333333333332
2 0.49853515625 0.2517361111111111 0.025390625 0.11631944444444445
2 0.51123046875 0.14583333333333334 0.04150390625 0.11284722222222222
2 0.44921875 0.1154513888888889 0.02392578125 0.08854166666666667
2 0.433349609375 0.035590277777777776 0.02587890625 0.07118055555555555
2 0.64404296875 0.035590277777777776 0.01171875 0.022569444444444444
2 0.7216796875 0.016927083333333332 0.0126953125 0.033854166666666664
2 0.6728515625 0.5833333333333334 0.00927734375 0.024305555555555556
2 0.5078125 0.5251736111111112 0.01123046875 0.03732638888888889
2 0.51953125 0.5520833333333334 0.01318359375 0.03211805555555555
2 0.4150390625 0.2647569444444444 0.01171875 0.043402777777777776
2 0.3740234375 0.2864583333333333 0.03125 0.10677083333333333
2 0.26171875 0.5130208333333334 0.01611328125 0.0763888888888889
2 0.59619140625 0.7005208333333334 0.01171875 0.034722222222222224
2 0.66259765625 0.7291666666666666 0.00927734375 0.027777777777777776
2 0.3671875 0.3602430555555556 0.01416015625 0.04079861111111111