2 0.06884765625 0.6154513888888888 0.06201171875 0.03732638888888889
2 0.55224609375 0.5659722222222222 0.02880859375 0.0234375
2 0.6298828125 0.5130208333333334 0.06494140625 0.050347222222222224
2 0.61865234375 0.3671875 0.025390625 0.018229166666666668
2 0.71435546875 0.4357638888888889 0.06201171875 0.059895833333333336
2 0.7646484375 0.4027777777777778 0.052734375 0.051215277777777776
2 0.69580078125 0.5373263888888888 0.0732421875 0.07899305555555555
2 0.84326171875 0.4105902777777778 0.0205078125 0.027777777777777776
2 0.9443359375 0.7612847222222222 0.11083984375 0.1284722222222222
2 0.96533203125 0.6432291666666666 0.0693359375 0.07465277777777778
2 0.9404296875 0.875 0.11865234375 0.09461805555555555
2 0.888671875 0.921875 0.0625 0.049479166666666664
2 0.9267578125 0.9583333333333334 0.09765625 0.08159722222222222
2 0.8408203125 0.9427083333333334 0.0146484375 0.022569444444444444
2 0.634765625 0.8489583333333334 0.11572265625 0.0998263888888889
2 0.66357421875 0.7578125 0.0146484375 0.022569444444444444
2 0.771484375 0.4401041666666667 0.025390625 0.026909722222222224
2 0.60546875 0.2934027777777778 0.06689453125 0.057291666666666664
2 0.47119140625 0.0920138888888889 0.04443359375 0.021701388888888888
2 0.443359375 0.8098958333333334 0.0126953125 0.017361111111111112
2 0.47119140625 0.5199652777777778 0.021484375 0.0234375
2 0.45556640625 0.5399305555555556 0.015625 0.019097222222222224