2 0.537109375 0.4071180555555556 0.01318359375 0.051215277777777776
2 0.50732421875 0.2690972222222222 0.0283203125 0.1154513888888889
2 0.42529296875 0.2890625 0.01025390625 0.04513888888888889
2 0.4638671875 0.1189236111111111 0.03369140625 0.11024305555555555
2 0.445068359375 0.03819444444444445 0.02880859375 0.0763888888888889
2 0.52099609375 0.1519097222222222 0.04443359375 0.13020833333333334
2 0.6962890625 0.2604166666666667 0.05615234375 0.20572916666666666
2 0.64501953125 0.2092013888888889 0.0126953125 0.026041666666666668
2 0.466064453125 0.019965277777777776 0.01513671875 0.03993055555555555
2 0.3837890625 0.3125 0.0322265625 0.1189236111111111
2 0.2705078125 0.5512152777777778 0.01220703125 0.07899305555555555
2 0.67431640625 0.6006944444444444 0.009765625 0.022569444444444444
2 0.51123046875 0.5512152777777778 0.01318359375 0.03819444444444445
2 0.5224609375 0.5789930555555556 0.0107421875 0.027777777777777776