2 0.93115234375 0.3845486111111111 0.06201171875 0.03732638888888889
2 0.44775390625 0.4340277777777778 0.02880859375 0.0234375
2 0.3701171875 0.4869791666666667 0.06494140625 0.050347222222222224
2 0.38134765625 0.6328125 0.025390625 0.018229166666666668
2 0.28564453125 0.5642361111111112 0.06201171875 0.059895833333333336
2 0.2353515625 0.5972222222222222 0.052734375 0.051215277777777776
2 0.30419921875 0.4626736111111111 0.0732421875 0.07899305555555555
2 0.15673828125 0.5894097222222222 0.0205078125 0.027777777777777776
2 0.0556640625 0.2387152777777778 0.11083984375 0.1284722222222222
2 0.03466796875 0.3567708333333333 0.0693359375 0.07465277777777778
2 0.0595703125 0.125 0.11865234375 0.09461805555555555
2 0.111328125 0.078125 0.0625 0.049479166666666664
2 0.0732421875 0.041666666666666664 0.09765625 0.08159722222222222
2 0.1591796875 0.057291666666666664 0.0146484375 0.022569444444444444
2 0.365234375 0.15104166666666666 0.11572265625 0.0998263888888889
2 0.33642578125 0.2421875 0.0146484375 0.022569444444444444
2 0.228515625 0.5598958333333334 0.025390625 0.026909722222222224
2 0.39453125 0.7065972222222222 0.06689453125 0.057291666666666664
2 0.52880859375 0.9079861111111112 0.04443359375 0.021701388888888888
2 0.556640625 0.19010416666666666 0.0126953125 0.017361111111111112
2 0.52880859375 0.4800347222222222 0.021484375 0.0234375
2 0.54443359375 0.4600694444444444 0.015625 0.019097222222222224