2 0.4384765625 0.18229166666666666 0.04541015625 0.025173611111111112
2 0.5712890625 0.3689236111111111 0.05712890625 0.049479166666666664
2 0.5791015625 0.4444444444444444 0.0234375 0.018229166666666668
2 0.66845703125 0.5086805555555556 0.056640625 0.0546875
2 0.71240234375 0.4696180555555556 0.04833984375 0.04600694444444445
2 0.78125 0.4739583333333333 0.01806640625 0.024305555555555556
2 0.8974609375 0.7065972222222222 0.08251953125 0.06510416666666667
2 0.873046875 0.8324652777777778 0.10888671875 0.125
2 0.8759765625 0.9427083333333334 0.13037109375 0.08940972222222222
2 0.8251953125 0.9826388888888888 0.05908203125 0.033854166666666664
2 0.595703125 0.9444444444444444 0.12744140625 0.11024305555555555
2 0.62255859375 0.8394097222222222 0.01416015625 0.019965277777777776
2 0.5234375 0.6597222222222222 0.02880859375 0.021701388888888888
2 0.59033203125 0.5972222222222222 0.07080078125 0.057291666666666664
2 0.65185546875 0.6180555555555556 0.0654296875 0.07725694444444445
2 0.43115234375 0.9079861111111112 0.01318359375 0.014756944444444444
2 0.4521484375 0.6085069444444444 0.021484375 0.018229166666666668
2 0.43798828125 0.6336805555555556 0.0146484375 0.020833333333333332