2 0.6787109375 0.390625 0.01416015625 0.08072916666666667
2 0.57373046875 0.6267361111111112 0.02783203125 0.1015625
2 0.53125 0.640625 0.01025390625 0.041666666666666664
2 0.4951171875 0.7994791666666666 0.03076171875 0.10069444444444445
2 0.51708984375 0.8776041666666666 0.02587890625 0.0859375
2 0.5146484375 0.9917534722222222 0.013671875 0.016493055555555556
2 0.25 0.6701388888888888 0.06201171875 0.2265625
2 0.30908203125 0.7178819444444444 0.01123046875 0.025173611111111112
2 0.41015625 0.5416666666666666 0.01220703125 0.051215277777777776
2 0.4453125 0.6605902777777778 0.0322265625 0.12586805555555555
2 0.43359375 0.7699652777777778 0.04345703125 0.11631944444444445
2 0.2705078125 0.3776041666666667 0.00830078125 0.0234375
2 0.43896484375 0.4149305555555556 0.01025390625 0.03819444444444445
2 0.4248046875 0.3897569444444444 0.01171875 0.026041666666666668