2 0.03125 0.7404513888888888 0.0615234375 0.042534722222222224
2 0.43212890625 0.625 0.0224609375 0.021701388888888888
2 0.37353515625 0.6631944444444444 0.01611328125 0.017361111111111112
2 0.330078125 0.7638888888888888 0.01904296875 0.026909722222222224
2 0.41259765625 0.9071180555555556 0.01513671875 0.021701388888888888
2 0.4931640625 0.6831597222222222 0.03173828125 0.027777777777777776
2 0.56396484375 0.9479166666666666 0.1181640625 0.1032986111111111
2 0.5625 0.6258680555555556 0.0751953125 0.051215277777777776
2 0.6318359375 0.6475694444444444 0.07421875 0.07118055555555555
2 0.6533203125 0.5460069444444444 0.0556640625 0.059027777777777776
2 0.701171875 0.5043402777777778 0.0458984375 0.046875
2 0.78271484375 0.5104166666666666 0.02001953125 0.03211805555555555
2 0.84326171875 0.6102430555555556 0.0244140625 0.026909722222222224
2 0.68994140625 0.8628472222222222 0.01220703125 0.019965277777777776
2 0.89111328125 0.7421875 0.087890625 0.07291666666666667
2 0.861328125 0.8585069444444444 0.10986328125 0.1284722222222222
2 0.861328125 0.9618055555555556 0.1279296875 0.07552083333333333
2 0.63623046875 0.13975694444444445 0.0751953125 0.03125
2 0.42138671875 0.2144097222222222 0.04638671875 0.026909722222222224
2 0.55859375 0.4782986111111111 0.02392578125 0.015625
2 0.55712890625 0.4019097222222222 0.06005859375 0.04861111111111111