2 0.5703125 0.6206597222222222 0.01220703125 0.03993055555555555
2 0.591796875 0.7248263888888888 0.009765625 0.028645833333333332
2 0.6484375 0.8020833333333334 0.01513671875 0.033854166666666664
2 0.72900390625 0.6553819444444444 0.01220703125 0.026909722222222224
2 0.60302734375 0.5121527777777778 0.015625 0.05642361111111111
2 0.751953125 0.3862847222222222 0.05810546875 0.21006944444444445
2 0.57080078125 0.3888888888888889 0.02880859375 0.13368055555555555
2 0.5830078125 0.265625 0.0400390625 0.13194444444444445
2 0.52587890625 0.22743055555555555 0.033203125 0.09895833333333333
2 0.50244140625 0.1423611111111111 0.0263671875 0.08159722222222222
2 0.505615234375 0.007378472222222222 0.01806640625 0.014756944444444444
2 0.7041015625 0.1623263888888889 0.01123046875 0.021701388888888888
2 0.29736328125 0.2578125 0.017578125 0.13368055555555555
2 0.33935546875 0.6397569444444444 0.01513671875 0.08246527777777778
2 0.48779296875 0.3958333333333333 0.0087890625 0.042534722222222224
2 0.44482421875 0.3984375 0.02734375 0.10677083333333333