2 0.0888671875 0.8914930555555556 0.0654296875 0.0390625
2 0.29052734375 0.7092013888888888 0.041015625 0.036458333333333336
2 0.419921875 0.5130208333333334 0.1240234375 0.0920138888888889
2 0.59375 0.5859375 0.01513671875 0.022569444444444444
2 0.6416015625 0.5555555555555556 0.05615234375 0.036458333333333336
2 0.6669921875 0.5920138888888888 0.08837890625 0.07378472222222222
2 0.6953125 0.5095486111111112 0.11767578125 0.0859375
2 0.6982421875 0.4053819444444444 0.10498046875 0.1171875
2 0.8427734375 0.6276041666666666 0.0322265625 0.06944444444444445
2 0.7607421875 0.6579861111111112 0.158203125 0.109375
2 0.67822265625 0.7074652777777778 0.0625 0.03993055555555555
2 0.7861328125 0.7491319444444444 0.08642578125 0.09895833333333333
2 0.72412109375 0.7855902777777778 0.076171875 0.08854166666666667
2 0.7265625 0.2873263888888889 0.080078125 0.06163194444444445
2 0.89404296875 0.09461805555555555 0.03515625 0.03819444444444445
2 0.68798828125 0.1623263888888889 0.0244140625 0.020833333333333332
2 0.64404296875 0.059895833333333336 0.017578125 0.025173611111111112
2 0.56005859375 0.0625 0.04541015625 0.052083333333333336
2 0.51220703125 0.10243055555555555 0.04931640625 0.0546875
2 0.2763671875 0.4982638888888889 0.013671875 0.013888888888888888
2 0.35986328125 0.2673611111111111 0.03125 0.030381944444444444
2 0.4521484375 0.4201388888888889 0.015625 0.0234375
2 0.4921875 0.2170138888888889 0.072265625 0.08333333333333333
2 0.4267578125 0.1953125 0.078125 0.057291666666666664
2 0.4208984375 0.041666666666666664 0.0244140625 0.020833333333333332
2 0.53759765625 0.4227430555555556 0.013671875 0.018229166666666668
2 0.5986328125 0.6354166666666666 0.04833984375 0.04079861111111111