2 0.61767578125 0.8723958333333334 0.0205078125 0.07291666666666667
2 0.50732421875 0.6423611111111112 0.0517578125 0.2204861111111111
2 0.54833984375 0.3333333333333333 0.0126953125 0.026909722222222224
2 0.53125 0.2482638888888889 0.0205078125 0.0998263888888889
2 0.5517578125 0.203125 0.04150390625 0.15711805555555555
2 0.50537109375 0.1527777777777778 0.04833984375 0.2092013888888889
2 0.44677734375 0.14756944444444445 0.06591796875 0.18663194444444445
2 0.5888671875 0.08854166666666667 0.0615234375 0.17708333333333334
2 0.61669921875 0.1831597222222222 0.0224609375 0.1111111111111111
2 0.64013671875 0.033854166666666664 0.0556640625 0.06770833333333333
2 0.66064453125 0.1015625 0.0498046875 0.13541666666666666
2 0.38037109375 0.09722222222222222 0.03466796875 0.1423611111111111
2 0.31005859375 0.1657986111111111 0.01171875 0.043402777777777776
2 0.25244140625 0.2439236111111111 0.01416015625 0.03125
2 0.25390625 0.3932291666666667 0.029296875 0.08072916666666667
2 0.2763671875 0.4782986111111111 0.03076171875 0.0876736111111111
2 0.4990234375 0.8975694444444444 0.0078125 0.024305555555555556
2 0.369140625 0.7491319444444444 0.01708984375 0.05555555555555555
2 0.455078125 0.5850694444444444 0.01318359375 0.027777777777777776
2 0.3408203125 0.5138888888888888 0.046875 0.1284722222222222
2 0.32861328125 0.6302083333333334 0.0322265625 0.1388888888888889
2 0.2421875 0.640625 0.01171875 0.043402777777777776
2 0.45654296875 0.4331597222222222 0.01025390625 0.024305555555555556
2 0.576171875 0.3246527777777778 0.02294921875 0.0859375