2 0.435546875 0.5581597222222222 0.0146484375 0.018229166666666668
2 0.51806640625 0.5529513888888888 0.08837890625 0.07552083333333333
2 0.544921875 0.46875 0.1181640625 0.10069444444444445
2 0.54150390625 0.3654513888888889 0.1064453125 0.12760416666666666
2 0.693359375 0.5616319444444444 0.0283203125 0.0720486111111111
2 0.57666015625 0.7378472222222222 0.07470703125 0.08072916666666667
2 0.6376953125 0.6935763888888888 0.08251953125 0.0920138888888889
2 0.61083984375 0.5972222222222222 0.166015625 0.10677083333333333
2 0.53076171875 0.6657986111111112 0.06591796875 0.03819444444444445
2 0.64404296875 0.9670138888888888 0.03125 0.03819444444444445
2 0.9189453125 0.6154513888888888 0.01611328125 0.049479166666666664
2 0.96484375 0.6857638888888888 0.015625 0.027777777777777776
2 0.56884765625 0.23697916666666666 0.08642578125 0.057291666666666664
2 0.71923828125 0.029513888888888888 0.03271484375 0.033854166666666664
2 0.31689453125 0.1909722222222222 0.08203125 0.09027777777777778
2 0.2412109375 0.1796875 0.07421875 0.06076388888888889
2 0.22900390625 0.5017361111111112 0.12646484375 0.09288194444444445
2 0.33935546875 0.06770833333333333 0.05322265625 0.05555555555555555
2 0.3798828125 0.018229166666666668 0.02978515625 0.033854166666666664
2 0.47802734375 0.015625 0.0166015625 0.026041666666666668
2 0.52294921875 0.1171875 0.0185546875 0.017361111111111112
2 0.23388671875 0.016493055555555556 0.025390625 0.019965277777777776
2 0.16162109375 0.2569444444444444 0.029296875 0.027777777777777776
2 0.08203125 0.7256944444444444 0.041015625 0.04079861111111111