2 0.564453125 0.4418402777777778 0.0146484375 0.018229166666666668
2 0.48193359375 0.4470486111111111 0.08837890625 0.07552083333333333
2 0.455078125 0.53125 0.1181640625 0.10069444444444445
2 0.45849609375 0.6345486111111112 0.1064453125 0.12760416666666666
2 0.306640625 0.4383680555555556 0.0283203125 0.0720486111111111
2 0.42333984375 0.2621527777777778 0.07470703125 0.08072916666666667
2 0.3623046875 0.3064236111111111 0.08251953125 0.0920138888888889
2 0.38916015625 0.4027777777777778 0.166015625 0.10677083333333333
2 0.46923828125 0.3342013888888889 0.06591796875 0.03819444444444445
2 0.35595703125 0.03298611111111111 0.03125 0.03819444444444445
2 0.0810546875 0.3845486111111111 0.01611328125 0.049479166666666664
2 0.03515625 0.3142361111111111 0.015625 0.027777777777777776
2 0.43115234375 0.7630208333333334 0.08642578125 0.057291666666666664
2 0.28076171875 0.9704861111111112 0.03271484375 0.033854166666666664
2 0.68310546875 0.8090277777777778 0.08203125 0.09027777777777778
2 0.7587890625 0.8203125 0.07421875 0.06076388888888889
2 0.77099609375 0.4982638888888889 0.12646484375 0.09288194444444445
2 0.66064453125 0.9322916666666666 0.05322265625 0.05555555555555555
2 0.6201171875 0.9817708333333334 0.02978515625 0.033854166666666664
2 0.52197265625 0.984375 0.0166015625 0.026041666666666668
2 0.47705078125 0.8828125 0.0185546875 0.017361111111111112
2 0.76611328125 0.9835069444444444 0.025390625 0.019965277777777776
2 0.83837890625 0.7430555555555556 0.029296875 0.027777777777777776
2 0.91796875 0.2743055555555556 0.041015625 0.04079861111111111