2 0.5087890625 0.3333333333333333 0.08642578125 0.08940972222222222
2 0.5654296875 0.2829861111111111 0.07373046875 0.0876736111111111
2 0.60302734375 0.3524305555555556 0.07666015625 0.042534722222222224
2 0.65966796875 0.4895833333333333 0.05615234375 0.04079861111111111
2 0.630859375 0.4609375 0.08544921875 0.0798611111111111
2 0.5361328125 0.4175347222222222 0.15869140625 0.08680555555555555
2 0.45947265625 0.4635416666666667 0.02392578125 0.06944444444444445
2 0.2392578125 0.4244791666666667 0.01806640625 0.051215277777777776
2 0.1142578125 0.4192708333333333 0.03369140625 0.049479166666666664
2 0.06396484375 0.3993055555555556 0.0927734375 0.09461805555555555
2 0.02001953125 0.2994791666666667 0.03369140625 0.035590277777777776
2 0.59912109375 0.7682291666666666 0.078125 0.06336805555555555
2 0.6171875 0.6423611111111112 0.1015625 0.11197916666666667
2 0.60986328125 0.5425347222222222 0.12646484375 0.09288194444444445
2 0.90625 0.5008680555555556 0.1103515625 0.09375
2 0.8408203125 0.7994791666666666 0.08447265625 0.09635416666666667
2 0.9091796875 0.8046875 0.0712890625 0.051215277777777776
2 0.92919921875 0.9713541666666666 0.0263671875 0.020833333333333332
2 0.826171875 0.9253472222222222 0.04833984375 0.043402777777777776
2 0.775390625 0.9626736111111112 0.04931640625 0.04774305555555555
2 0.64404296875 0.8819444444444444 0.0224609375 0.017361111111111112
2 0.70556640625 0.4487847222222222 0.0126953125 0.019965277777777776
2 0.4951171875 0.0642361111111111 0.0283203125 0.04861111111111111
2 0.69921875 0.4019097222222222 0.04248046875 0.044270833333333336
2 0.98193359375 0.7256944444444444 0.0322265625 0.035590277777777776
2 0.8701171875 0.59375 0.015625 0.019097222222222224
2 0.6806640625 0.9817708333333334 0.01513671875 0.027777777777777776