2 0.40625 0.484375 0.05029296875 0.15364583333333334
2 0.3779296875 0.3836805555555556 0.04931640625 0.1310763888888889
2 0.4169921875 0.3168402777777778 0.02392578125 0.1362847222222222
2 0.494140625 0.21614583333333334 0.02294921875 0.0998263888888889
2 0.47802734375 0.2673611111111111 0.044921875 0.1519097222222222
2 0.45361328125 0.4357638888888889 0.048828125 0.2821180555555556
2 0.4794921875 0.5720486111111112 0.0390625 0.042534722222222224
2 0.45751953125 0.9635416666666666 0.02880859375 0.03211805555555555
2 0.65087890625 0.3237847222222222 0.03564453125 0.1388888888888889
2 0.580078125 0.2916666666666667 0.06298828125 0.18055555555555555
2 0.52392578125 0.3046875 0.05224609375 0.2248263888888889
2 0.760009765625 0.026909722222222224 0.02685546875 0.05381944444444445
2 0.71484375 0.2439236111111111 0.009765625 0.03993055555555555
2 0.47119140625 0.1345486111111111 0.01123046875 0.022569444444444444
2 0.2548828125 0.5086805555555556 0.02734375 0.050347222222222224
2 0.44482421875 0.14583333333333334 0.02490234375 0.07552083333333333
2 0.77099609375 0.17881944444444445 0.015625 0.026909722222222224