2 0.4912109375 0.6666666666666666 0.08642578125 0.08940972222222222
2 0.4345703125 0.7170138888888888 0.07373046875 0.0876736111111111
2 0.39697265625 0.6475694444444444 0.07666015625 0.042534722222222224
2 0.34033203125 0.5104166666666666 0.05615234375 0.04079861111111111
2 0.369140625 0.5390625 0.08544921875 0.0798611111111111
2 0.4638671875 0.5824652777777778 0.15869140625 0.08680555555555555
2 0.54052734375 0.5364583333333334 0.02392578125 0.06944444444444445
2 0.7607421875 0.5755208333333334 0.01806640625 0.051215277777777776
2 0.8857421875 0.5807291666666666 0.03369140625 0.049479166666666664
2 0.93603515625 0.6006944444444444 0.0927734375 0.09461805555555555
2 0.97998046875 0.7005208333333334 0.03369140625 0.035590277777777776
2 0.40087890625 0.23177083333333334 0.078125 0.06336805555555555
2 0.3828125 0.3576388888888889 0.1015625 0.11197916666666667
2 0.39013671875 0.4574652777777778 0.12646484375 0.09288194444444445
2 0.09375 0.4991319444444444 0.1103515625 0.09375
2 0.1591796875 0.20052083333333334 0.08447265625 0.09635416666666667
2 0.0908203125 0.1953125 0.0712890625 0.051215277777777776
2 0.07080078125 0.028645833333333332 0.0263671875 0.020833333333333332
2 0.173828125 0.07465277777777778 0.04833984375 0.043402777777777776
2 0.224609375 0.03732638888888889 0.04931640625 0.04774305555555555
2 0.35595703125 0.11805555555555555 0.0224609375 0.017361111111111112
2 0.29443359375 0.5512152777777778 0.0126953125 0.019965277777777776
2 0.5048828125 0.9357638888888888 0.0283203125 0.04861111111111111
2 0.30078125 0.5980902777777778 0.04248046875 0.044270833333333336
2 0.01806640625 0.2743055555555556 0.0322265625 0.035590277777777776
2 0.1298828125 0.40625 0.015625 0.019097222222222224
2 0.3193359375 0.018229166666666668 0.01513671875 0.027777777777777776