2 0.6943359375 0.3550347222222222 0.07421875 0.04513888888888889
2 0.65185546875 0.2855902777777778 0.07568359375 0.08506944444444445
2 0.60205078125 0.3420138888888889 0.08544921875 0.09114583333333333
2 0.62060546875 0.4270833333333333 0.16015625 0.08506944444444445
2 0.74267578125 0.4904513888888889 0.0556640625 0.043402777777777776
2 0.7841796875 0.3984375 0.04345703125 0.043402777777777776
2 0.79052734375 0.4513888888888889 0.01513671875 0.025173611111111112
2 0.69140625 0.5486111111111112 0.12353515625 0.09114583333333333
2 0.7021484375 0.6545138888888888 0.10302734375 0.1189236111111111
2 0.6845703125 0.7777777777777778 0.0830078125 0.06163194444444445
2 0.72802734375 0.8923611111111112 0.0263671875 0.019965277777777776
2 0.92431640625 0.796875 0.08740234375 0.09722222222222222
2 0.97705078125 0.8029513888888888 0.04541015625 0.0625
2 0.9677734375 0.4861111111111111 0.064453125 0.0920138888888889
2 0.90673828125 0.9210069444444444 0.05908203125 0.0625
2 0.857421875 0.9644097222222222 0.05810546875 0.058159722222222224
2 0.95556640625 0.5876736111111112 0.015625 0.021701388888888888
2 0.86328125 0.5998263888888888 0.01611328125 0.021701388888888888
2 0.84423828125 0.4730902777777778 0.021484375 0.026041666666666668
2 0.5859375 0.0703125 0.033203125 0.036458333333333336
2 0.48291015625 0.4600694444444444 0.03271484375 0.04513888888888889
2 0.37646484375 0.4930555555555556 0.02685546875 0.03732638888888889
2 0.3349609375 0.4522569444444444 0.01611328125 0.052083333333333336
2 0.294921875 0.3914930555555556 0.0146484375 0.021701388888888888
2 0.21337890625 0.4548611111111111 0.04052734375 0.04513888888888889
2 0.1650390625 0.4331597222222222 0.09326171875 0.09635416666666667
2 0.12939453125 0.5373263888888888 0.015625 0.024305555555555556
2 0.03271484375 0.13802083333333334 0.03564453125 0.041666666666666664
2 0.1240234375 0.3359375 0.03662109375 0.034722222222222224
2 0.083984375 0.34375 0.09228515625 0.109375
2 0.4921875 0.8532986111111112 0.01025390625 0.018229166666666668
2 0.71435546875 0.4652777777777778 0.0888671875 0.09027777777777778
2 0.546875 0.4791666666666667 0.0341796875 0.07118055555555555
2 0.7216796875 0.027777777777777776 0.0283203125 0.049479166666666664