2 0.3056640625 0.6449652777777778 0.07421875 0.04513888888888889
2 0.34814453125 0.7144097222222222 0.07568359375 0.08506944444444445
2 0.39794921875 0.6579861111111112 0.08544921875 0.09114583333333333
2 0.37939453125 0.5729166666666666 0.16015625 0.08506944444444445
2 0.25732421875 0.5095486111111112 0.0556640625 0.043402777777777776
2 0.2158203125 0.6015625 0.04345703125 0.043402777777777776
2 0.20947265625 0.5486111111111112 0.01513671875 0.025173611111111112
2 0.30859375 0.4513888888888889 0.12353515625 0.09114583333333333
2 0.2978515625 0.3454861111111111 0.10302734375 0.1189236111111111
2 0.3154296875 0.2222222222222222 0.0830078125 0.06163194444444445
2 0.27197265625 0.1076388888888889 0.0263671875 0.019965277777777776
2 0.07568359375 0.203125 0.08740234375 0.09722222222222222
2 0.02294921875 0.1970486111111111 0.04541015625 0.0625
2 0.0322265625 0.5138888888888888 0.064453125 0.0920138888888889
2 0.09326171875 0.07899305555555555 0.05908203125 0.0625
2 0.142578125 0.035590277777777776 0.05810546875 0.058159722222222224
2 0.04443359375 0.4123263888888889 0.015625 0.021701388888888888
2 0.13671875 0.4001736111111111 0.01611328125 0.021701388888888888
2 0.15576171875 0.5269097222222222 0.021484375 0.026041666666666668
2 0.4140625 0.9296875 0.033203125 0.036458333333333336
2 0.51708984375 0.5399305555555556 0.03271484375 0.04513888888888889
2 0.62353515625 0.5069444444444444 0.02685546875 0.03732638888888889
2 0.6650390625 0.5477430555555556 0.01611328125 0.052083333333333336
2 0.705078125 0.6085069444444444 0.0146484375 0.021701388888888888
2 0.78662109375 0.5451388888888888 0.04052734375 0.04513888888888889
2 0.8349609375 0.5668402777777778 0.09326171875 0.09635416666666667
2 0.87060546875 0.4626736111111111 0.015625 0.024305555555555556
2 0.96728515625 0.8619791666666666 0.03564453125 0.041666666666666664
2 0.8759765625 0.6640625 0.03662109375 0.034722222222222224
2 0.916015625 0.65625 0.09228515625 0.109375
2 0.5078125 0.1467013888888889 0.01025390625 0.018229166666666668
2 0.28564453125 0.5347222222222222 0.0888671875 0.09027777777777778
2 0.453125 0.5208333333333334 0.0341796875 0.07118055555555555
2 0.2783203125 0.9722222222222222 0.0283203125 0.049479166666666664