2 0.341064453125 0.9596354166666666 0.03759765625 0.08072916666666667
2 0.414306640625 0.9644097222222222 0.06689453125 0.07118055555555555
2 0.476318359375 0.9479166666666666 0.05322265625 0.10416666666666667
2 0.5107421875 0.7465277777777778 0.03857421875 0.051215277777777776
2 0.51953125 0.6319444444444444 0.0263671875 0.059027777777777776
2 0.544921875 0.8715277777777778 0.0498046875 0.2569444444444444
2 0.6279296875 0.9383680555555556 0.0517578125 0.1232638888888889
2 0.587158203125 0.9743923611111112 0.02978515625 0.051215277777777776
2 0.5927734375 0.8480902777777778 0.05126953125 0.1605902777777778
2 0.5185546875 0.3671875 0.02587890625 0.03211805555555555
2 0.55322265625 0.2986111111111111 0.01025390625 0.027777777777777776
2 0.51513671875 0.14756944444444445 0.02685546875 0.06336805555555555
2 0.52685546875 0.07161458333333333 0.0537109375 0.14322916666666666
2 0.5810546875 0.0078125 0.0185546875 0.015625
2 0.4658203125 0.0030381944444444445 0.0126953125 0.006076388888888889
2 0.4970703125 0.4401041666666667 0.01953125 0.04600694444444445
2 0.7509765625 0.8463541666666666 0.0234375 0.06163194444444445
2 0.3212890625 0.8663194444444444 0.05322265625 0.12586805555555555