2 0.658447265625 0.03993055555555555 0.03759765625 0.0798611111111111
2 0.585205078125 0.035590277777777776 0.06689453125 0.07118055555555555
2 0.523193359375 0.052083333333333336 0.05322265625 0.10416666666666667
2 0.4892578125 0.2534722222222222 0.03857421875 0.051215277777777776
2 0.48046875 0.3680555555555556 0.0263671875 0.059027777777777776
2 0.455078125 0.1284722222222222 0.0498046875 0.2569444444444444
2 0.3720703125 0.06163194444444445 0.0517578125 0.1232638888888889
2 0.412353515625 0.025607638888888888 0.02978515625 0.051215277777777776
2 0.4072265625 0.1519097222222222 0.05126953125 0.1605902777777778
2 0.4814453125 0.6328125 0.02587890625 0.03211805555555555
2 0.44677734375 0.7013888888888888 0.01025390625 0.027777777777777776
2 0.48486328125 0.8524305555555556 0.02685546875 0.06336805555555555
2 0.47314453125 0.9283854166666666 0.0537109375 0.14322916666666666
2 0.4189453125 0.9917534722222222 0.0185546875 0.016493055555555556
2 0.5341796875 0.9965277777777778 0.0126953125 0.006944444444444444
2 0.5029296875 0.5598958333333334 0.01953125 0.04600694444444445
2 0.2490234375 0.15364583333333334 0.0234375 0.06163194444444445
2 0.6787109375 0.13368055555555555 0.05322265625 0.12586805555555555