2 0.1787109375 0.10243055555555555 0.0244140625 0.022569444444444444
2 0.22119140625 0.21788194444444445 0.08544921875 0.06684027777777778
2 0.2060546875 0.3480902777777778 0.10546875 0.1189236111111111
2 0.21435546875 0.4583333333333333 0.1259765625 0.09461805555555555
2 0.16015625 0.5173611111111112 0.0654296875 0.04774305555555555
2 0.185546875 0.5425347222222222 0.08984375 0.09114583333333333
2 0.361328125 0.5190972222222222 0.02880859375 0.0685763888888889
2 0.42578125 0.5347222222222222 0.033203125 0.046875
2 0.2783203125 0.5798611111111112 0.169921875 0.08854166666666667
2 0.24755859375 0.7274305555555556 0.0810546875 0.0920138888888889
2 0.20849609375 0.6553819444444444 0.078125 0.05295138888888889
2 0.30419921875 0.6649305555555556 0.09033203125 0.09114583333333333
2 0.57470703125 0.5329861111111112 0.01806640625 0.04600694444444445
2 0.61328125 0.5946180555555556 0.015625 0.018229166666666668
2 0.6982421875 0.5269097222222222 0.03564453125 0.04774305555555555
2 0.74609375 0.5477430555555556 0.0908203125 0.0954861111111111
2 0.787109375 0.6440972222222222 0.02978515625 0.03298611111111111
2 0.78466796875 0.4392361111111111 0.01416015625 0.022569444444444444
2 0.82861328125 0.6319444444444444 0.091796875 0.10850694444444445
2 0.87255859375 0.8446180555555556 0.0361328125 0.041666666666666664
2 0.53369140625 0.4947916666666667 0.02587890625 0.034722222222222224
2 0.30517578125 0.9461805555555556 0.03466796875 0.041666666666666664
2 0.10888671875 0.5607638888888888 0.01513671875 0.025173611111111112
2 0.1142578125 0.6206597222222222 0.05224609375 0.050347222222222224
2 0.2939453125 0.18229166666666666 0.07080078125 0.09461805555555555