2 0.86865234375 0.7456597222222222 0.087890625 0.07118055555555555
2 0.8837890625 0.6102430555555556 0.1123046875 0.11979166666666667
2 0.87255859375 0.5034722222222222 0.12353515625 0.09895833333333333
2 0.93701171875 0.4383680555555556 0.06494140625 0.05642361111111111
2 0.9072265625 0.4114583333333333 0.09765625 0.09114583333333333
2 0.99267578125 0.3810763888888889 0.01416015625 0.029513888888888888
2 0.982421875 0.3307291666666667 0.03515625 0.057291666666666664
2 0.87939453125 0.3029513888888889 0.08935546875 0.06597222222222222
2 0.83740234375 0.21961805555555555 0.08447265625 0.09809027777777778
2 0.77880859375 0.3012152777777778 0.087890625 0.10850694444444445
2 0.791015625 0.3880208333333333 0.15234375 0.109375
2 0.7099609375 0.4583333333333333 0.0283203125 0.07725694444444445
2 0.63671875 0.4496527777777778 0.03662109375 0.04861111111111111
2 0.91162109375 0.859375 0.02880859375 0.021701388888888888
2 0.93017578125 0.9756944444444444 0.02001953125 0.029513888888888888
2 0.7080078125 0.9774305555555556 0.0380859375 0.0390625
2 0.79150390625 0.7925347222222222 0.06982421875 0.09635416666666667
2 0.484375 0.4696180555555556 0.01806640625 0.04774305555555555
2 0.2802734375 0.5824652777777778 0.01416015625 0.018229166666666668
2 0.3603515625 0.4895833333333333 0.03125 0.044270833333333336
2 0.31396484375 0.4696180555555556 0.08935546875 0.09895833333333333
2 0.27001953125 0.3784722222222222 0.03125 0.03298611111111111
2 0.23291015625 0.3888888888888889 0.09130859375 0.10677083333333333
2 0.181640625 0.18055555555555555 0.03515625 0.043402777777777776
2 0.44677734375 0.4123263888888889 0.015625 0.012152777777777778
2 0.5263671875 0.5008680555555556 0.02490234375 0.03732638888888889