2 0.13134765625 0.2543402777777778 0.087890625 0.07118055555555555
2 0.1162109375 0.3897569444444444 0.1123046875 0.11979166666666667
2 0.12744140625 0.4965277777777778 0.12353515625 0.09895833333333333
2 0.06298828125 0.5616319444444444 0.06494140625 0.05642361111111111
2 0.0927734375 0.5885416666666666 0.09765625 0.09114583333333333
2 0.00732421875 0.6189236111111112 0.01416015625 0.029513888888888888
2 0.017578125 0.6692708333333334 0.03515625 0.057291666666666664
2 0.12060546875 0.6970486111111112 0.08935546875 0.06597222222222222
2 0.16259765625 0.7803819444444444 0.08447265625 0.09809027777777778
2 0.22119140625 0.6987847222222222 0.087890625 0.10850694444444445
2 0.208984375 0.6119791666666666 0.15234375 0.109375
2 0.2900390625 0.5416666666666666 0.0283203125 0.07725694444444445
2 0.36328125 0.5503472222222222 0.03662109375 0.04861111111111111
2 0.08837890625 0.140625 0.02880859375 0.021701388888888888
2 0.06982421875 0.024305555555555556 0.02001953125 0.029513888888888888
2 0.2919921875 0.022569444444444444 0.0380859375 0.0390625
2 0.20849609375 0.2074652777777778 0.06982421875 0.09635416666666667
2 0.515625 0.5303819444444444 0.01806640625 0.04774305555555555
2 0.7197265625 0.4175347222222222 0.01416015625 0.018229166666666668
2 0.6396484375 0.5104166666666666 0.03125 0.044270833333333336
2 0.68603515625 0.5303819444444444 0.08935546875 0.09895833333333333
2 0.72998046875 0.6215277777777778 0.03125 0.03298611111111111
2 0.76708984375 0.6111111111111112 0.09130859375 0.10677083333333333
2 0.818359375 0.8194444444444444 0.03515625 0.043402777777777776
2 0.55322265625 0.5876736111111112 0.015625 0.012152777777777778
2 0.4736328125 0.4991319444444444 0.02490234375 0.03732638888888889