2 0.43603515625 0.5347222222222222 0.0146484375 0.04774305555555555
2 0.470703125 0.5928819444444444 0.013671875 0.021701388888888888
2 0.55810546875 0.5086805555555556 0.02978515625 0.041666666666666664
2 0.603515625 0.5277777777777778 0.0859375 0.09461805555555555
2 0.63525390625 0.4166666666666667 0.0126953125 0.018229166666666668
2 0.64501953125 0.6215277777777778 0.02783203125 0.03125
2 0.6826171875 0.6119791666666666 0.087890625 0.10503472222222222
2 0.734375 0.8229166666666666 0.03076171875 0.0390625
2 0.3935546875 0.5017361111111112 0.02294921875 0.033854166666666664
2 0.22021484375 0.5434027777777778 0.03271484375 0.0720486111111111
2 0.052734375 0.3897569444444444 0.10546875 0.12586805555555555
2 0.0634765625 0.5017361111111112 0.12646484375 0.10503472222222222
2 0.0166015625 0.5616319444444444 0.033203125 0.050347222222222224
2 0.03955078125 0.5954861111111112 0.0751953125 0.09635416666666667
2 0.13525390625 0.6215277777777778 0.16650390625 0.1111111111111111
2 0.0615234375 0.703125 0.087890625 0.06944444444444445
2 0.15625 0.7083333333333334 0.09423828125 0.09635416666666667
2 0.099609375 0.7829861111111112 0.0849609375 0.09722222222222222
2 0.0595703125 0.2586805555555556 0.09423828125 0.07552083333333333