2 0.615234375 0.6050347222222222 0.0869140625 0.10590277777777778
2 0.53369140625 0.5234375 0.0849609375 0.0998263888888889
2 0.48974609375 0.5 0.03271484375 0.04513888888888889
2 0.57421875 0.6154513888888888 0.02783203125 0.030381944444444444
2 0.0634765625 0.6085069444444444 0.126953125 0.0954861111111111
2 0.05517578125 0.7048611111111112 0.09716796875 0.08854166666666667
2 0.0224609375 0.7699652777777778 0.044921875 0.06770833333333333
2 0.12646484375 0.5416666666666666 0.0263671875 0.06770833333333333
2 0.02294921875 0.484375 0.04541015625 0.09375
2 0.35791015625 0.5321180555555556 0.01708984375 0.046875
2 0.3916015625 0.5876736111111112 0.013671875 0.022569444444444444
2 0.5693359375 0.4079861111111111 0.01318359375 0.0234375
2 0.6630859375 0.8229166666666666 0.02880859375 0.04600694444444445