2 0.384765625 0.3949652777777778 0.0869140625 0.10590277777777778
2 0.46630859375 0.4765625 0.0849609375 0.0998263888888889
2 0.51025390625 0.5 0.03271484375 0.04513888888888889
2 0.42578125 0.3845486111111111 0.02783203125 0.030381944444444444
2 0.9365234375 0.3914930555555556 0.126953125 0.0954861111111111
2 0.94482421875 0.2951388888888889 0.09716796875 0.08854166666666667
2 0.9775390625 0.2300347222222222 0.044921875 0.06770833333333333
2 0.87353515625 0.4583333333333333 0.0263671875 0.06770833333333333
2 0.97705078125 0.515625 0.04541015625 0.09375
2 0.64208984375 0.4678819444444444 0.01708984375 0.046875
2 0.6083984375 0.4123263888888889 0.013671875 0.022569444444444444
2 0.4306640625 0.5920138888888888 0.01318359375 0.0234375
2 0.3369140625 0.17708333333333334 0.02880859375 0.04600694444444445