2 0.8111111111111111 0.7488888888888889 0.27111111111111114 0.12
2 0.92 0.6733333333333333 0.16 0.08444444444444445
2 0.9333333333333333 0.5933333333333334 0.13333333333333333 0.10222222222222223
2 0.8177777777777778 0.5622222222222222 0.08888888888888889 0.12
2 0.7 0.6044444444444445 0.07555555555555556 0.06222222222222222
2 0.7377777777777778 0.56 0.044444444444444446 0.06222222222222222
2 0.8933333333333333 0.5044444444444445 0.16 0.14666666666666667
2 0.8688888888888889 0.41333333333333333 0.15555555555555556 0.05333333333333334
2 0.7911111111111111 0.32666666666666666 0.10666666666666667 0.10222222222222223
2 0.7222222222222222 0.5 0.14666666666666667 0.04888888888888889
2 0.5888888888888889 0.5466666666666666 0.14666666666666667 0.06222222222222222
2 0.4711111111111111 0.56 0.05333333333333334 0.06222222222222222
2 0.4288888888888889 0.76 0.16444444444444445 0.16
2 0.28444444444444444 0.6666666666666666 0.32 0.13333333333333333
2 0.06666666666666667 0.64 0.10666666666666667 0.16
2 0.044444444444444446 0.8244444444444444 0.08 0.25333333333333335
2 0.37777777777777777 0.5488888888888889 0.13333333333333333 0.10222222222222223
2 0.16 0.5355555555555556 0.16 0.08444444444444445
2 0.042222222222222223 0.5377777777777778 0.04888888888888889 0.05333333333333334
2 0.5977777777777777 0.051111111111111114 0.10222222222222223 0.09333333333333334
2 0.7177777777777777 0.09555555555555556 0.13777777777777778 0.06666666666666667
2 0.66 0.13555555555555557 0.1111111111111111 0.06666666666666667
2 0.6 0.18222222222222223 0.10666666666666667 0.05333333333333334
2 0.7222222222222222 0.2088888888888889 0.14666666666666667 0.08
2 0.8822222222222222 0.14666666666666667 0.1288888888888889 0.13333333333333333
2 0.8266666666666667 0.24444444444444444 0.13333333333333333 0.06222222222222222
2 0.7533333333333333 0.035555555555555556 0.08444444444444445 0.06222222222222222
2 0.9111111111111111 0.028888888888888888 0.17777777777777778 0.04888888888888889
2 0.37333333333333335 0.12444444444444444 0.13333333333333333 0.035555555555555556
2 0.41555555555555557 0.16 0.12 0.044444444444444446
2 0.2311111111111111 0.10666666666666667 0.11555555555555555 0.06222222222222222
2 0.27555555555555555 0.15777777777777777 0.10666666666666667 0.04
2 0.32666666666666666 0.19111111111111112 0.09333333333333334 0.044444444444444446
2 0.2288888888888889 0.18888888888888888 0.12 0.04
2 0.04888888888888889 0.18222222222222223 0.08888888888888889 0.07111111111111111
2 0.06666666666666667 0.10666666666666667 0.10666666666666667 0.07111111111111111
2 0.10888888888888888 0.2311111111111111 0.07555555555555556 0.044444444444444446
2 0.23777777777777778 0.24888888888888888 0.08444444444444445 0.044444444444444446
2 0.32666666666666666 0.25333333333333335 0.1111111111111111 0.05333333333333334
2 0.4488888888888889 0.2311111111111111 0.07111111111111111 0.044444444444444446