2 0.18888888888888888 0.7666666666666667 0.31555555555555553 0.1111111111111111
2 0.07111111111111111 0.62 0.14222222222222222 0.14666666666666667
2 0.30666666666666664 0.6022222222222222 0.10666666666666667 0.057777777777777775
2 0.26 0.5688888888888889 0.07555555555555556 0.05333333333333334
2 0.19333333333333333 0.5644444444444444 0.09333333333333334 0.11555555555555555
2 0.11555555555555555 0.5088888888888888 0.12444444444444444 0.13777777777777778
2 0.13111111111111112 0.42 0.2 0.04888888888888889
2 0.20222222222222222 0.34 0.07555555555555556 0.07555555555555556
2 0.28888888888888886 0.5177777777777778 0.12444444444444444 0.057777777777777775
2 0.3977777777777778 0.5622222222222222 0.14666666666666667 0.04888888888888889
2 0.5333333333333333 0.5711111111111111 0.06222222222222222 0.06666666666666667
2 0.6333333333333333 0.5422222222222223 0.14666666666666667 0.10666666666666667
2 0.7377777777777778 0.6644444444444444 0.2577777777777778 0.12
2 0.6022222222222222 0.76 0.09333333333333334 0.19555555555555557
2 0.9577777777777777 0.8044444444444444 0.07555555555555556 0.24
2 0.9288888888888889 0.6511111111111111 0.11555555555555555 0.15555555555555556
2 0.8422222222222222 0.5577777777777778 0.13777777777777778 0.07555555555555556
2 0.84 0.5 0.06222222222222222 0.04888888888888889
2 0.26222222222222225 0.22444444444444445 0.16 0.07555555555555556
2 0.1111111111111111 0.16 0.10666666666666667 0.13333333333333333
2 0.5466666666666666 0.24 0.11555555555555555 0.06222222222222222
2 0.6822222222222222 0.2 0.1288888888888889 0.044444444444444446
2 0.7288888888888889 0.18444444444444444 0.12444444444444444 0.03111111111111111
2 0.6377777777777778 0.1288888888888889 0.15555555555555556 0.044444444444444446
2 0.7688888888888888 0.1288888888888889 0.1511111111111111 0.08
2 0.2866666666666667 0.09333333333333334 0.1288888888888889 0.07111111111111111
2 0.39555555555555555 0.05555555555555555 0.14222222222222222 0.1111111111111111
2 0.7511111111111111 0.042222222222222223 0.13333333333333333 0.08444444444444445
2 0.9666666666666667 0.18 0.057777777777777775 0.08444444444444445
2 0.8755555555555555 0.022222222222222223 0.16 0.044444444444444446