2 0.2511111111111111 0.8111111111111111 0.12 0.27111111111111114
2 0.32666666666666666 0.92 0.08444444444444445 0.16
2 0.4066666666666667 0.9333333333333333 0.10222222222222223 0.13333333333333333
2 0.43777777777777777 0.8177777777777778 0.12 0.08888888888888889
2 0.39555555555555555 0.7 0.06222222222222222 0.07555555555555556
2 0.44 0.7377777777777778 0.06222222222222222 0.044444444444444446
2 0.4955555555555556 0.8933333333333333 0.14666666666666667 0.16
2 0.5866666666666667 0.8688888888888889 0.05333333333333334 0.15555555555555556
2 0.6733333333333333 0.7911111111111111 0.10222222222222223 0.10666666666666667
2 0.5 0.7222222222222222 0.04888888888888889 0.14666666666666667
2 0.4533333333333333 0.5888888888888889 0.06222222222222222 0.14666666666666667
2 0.44 0.4711111111111111 0.06222222222222222 0.05333333333333334
2 0.24 0.4288888888888889 0.16 0.16444444444444445
2 0.3333333333333333 0.28444444444444444 0.13333333333333333 0.32
2 0.36 0.06666666666666667 0.16 0.10666666666666667
2 0.17555555555555555 0.044444444444444446 0.25333333333333335 0.08
2 0.45111111111111113 0.37777777777777777 0.10222222222222223 0.13333333333333333
2 0.46444444444444444 0.16 0.08444444444444445 0.16
2 0.4622222222222222 0.042222222222222223 0.05333333333333334 0.04888888888888889
2 0.9488888888888889 0.5977777777777777 0.09333333333333334 0.10222222222222223
2 0.9044444444444445 0.7177777777777777 0.06666666666666667 0.13777777777777778
2 0.8644444444444445 0.66 0.06666666666666667 0.1111111111111111
2 0.8177777777777778 0.6 0.05333333333333334 0.10666666666666667
2 0.7911111111111111 0.7222222222222222 0.08 0.14666666666666667
2 0.8533333333333334 0.8822222222222222 0.13333333333333333 0.1288888888888889
2 0.7555555555555555 0.8266666666666667 0.06222222222222222 0.13333333333333333
2 0.9644444444444444 0.7533333333333333 0.06222222222222222 0.08444444444444445
2 0.9711111111111111 0.9111111111111111 0.04888888888888889 0.17777777777777778
2 0.8755555555555555 0.37333333333333335 0.035555555555555556 0.13333333333333333
2 0.84 0.41555555555555557 0.044444444444444446 0.12
2 0.8933333333333333 0.2311111111111111 0.06222222222222222 0.11555555555555555
2 0.8422222222222222 0.27555555555555555 0.04 0.10666666666666667
2 0.8088888888888889 0.32666666666666666 0.044444444444444446 0.09333333333333334
2 0.8111111111111111 0.2288888888888889 0.04 0.12
2 0.8177777777777778 0.04888888888888889 0.07111111111111111 0.08888888888888889
2 0.8933333333333333 0.06666666666666667 0.07111111111111111 0.10666666666666667
2 0.7688888888888888 0.10888888888888888 0.044444444444444446 0.07555555555555556
2 0.7511111111111111 0.23777777777777778 0.044444444444444446 0.08444444444444445
2 0.7466666666666667 0.32666666666666666 0.05333333333333334 0.1111111111111111
2 0.7688888888888888 0.4488888888888889 0.044444444444444446 0.07111111111111111