2 0.8111111111111111 0.23333333333333334 0.31555555555555553 0.1111111111111111
2 0.9288888888888889 0.38 0.14222222222222222 0.14666666666666667
2 0.6933333333333334 0.3977777777777778 0.10666666666666667 0.057777777777777775
2 0.74 0.4311111111111111 0.07555555555555556 0.05333333333333334
2 0.8066666666666666 0.43555555555555553 0.09333333333333334 0.11555555555555555
2 0.8844444444444445 0.4911111111111111 0.12444444444444444 0.13777777777777778
2 0.8688888888888889 0.58 0.2 0.04888888888888889
2 0.7977777777777778 0.66 0.07555555555555556 0.07555555555555556
2 0.7111111111111111 0.4822222222222222 0.12444444444444444 0.057777777777777775
2 0.6022222222222222 0.43777777777777777 0.14666666666666667 0.04888888888888889
2 0.4666666666666667 0.4288888888888889 0.06222222222222222 0.06666666666666667
2 0.36666666666666664 0.4577777777777778 0.14666666666666667 0.10666666666666667
2 0.26222222222222225 0.33555555555555555 0.2577777777777778 0.12
2 0.3977777777777778 0.24 0.09333333333333334 0.19555555555555557
2 0.042222222222222223 0.19555555555555557 0.07555555555555556 0.24
2 0.07111111111111111 0.3488888888888889 0.11555555555555555 0.15555555555555556
2 0.15777777777777777 0.44222222222222224 0.13777777777777778 0.07555555555555556
2 0.16 0.5 0.06222222222222222 0.04888888888888889
2 0.7377777777777778 0.7755555555555556 0.16 0.07555555555555556
2 0.8888888888888888 0.84 0.10666666666666667 0.13333333333333333
2 0.4533333333333333 0.76 0.11555555555555555 0.06222222222222222
2 0.31777777777777777 0.8 0.1288888888888889 0.044444444444444446
2 0.27111111111111114 0.8155555555555556 0.12444444444444444 0.03111111111111111
2 0.3622222222222222 0.8711111111111111 0.15555555555555556 0.044444444444444446
2 0.2311111111111111 0.8711111111111111 0.1511111111111111 0.08
2 0.7133333333333334 0.9066666666666666 0.1288888888888889 0.07111111111111111
2 0.6044444444444445 0.9444444444444444 0.14222222222222222 0.1111111111111111
2 0.24888888888888888 0.9577777777777777 0.13333333333333333 0.08444444444444445
2 0.03333333333333333 0.82 0.057777777777777775 0.08444444444444445
2 0.12444444444444444 0.9777777777777777 0.16 0.044444444444444446