2 0.7355555555555555 0.6644444444444444 0.27111111111111114 0.10222222222222223
2 0.9266666666666666 0.6422222222222222 0.13777777777777778 0.15555555555555556
2 0.8533333333333334 0.5555555555555556 0.14222222222222222 0.08
2 0.7911111111111111 0.5866666666666667 0.10666666666666667 0.07111111111111111
2 0.6288888888888889 0.5666666666666667 0.1288888888888889 0.057777777777777775
2 0.6688888888888889 0.5466666666666666 0.12 0.11555555555555555
2 0.5355555555555556 0.56 0.07555555555555556 0.05333333333333334
2 0.4111111111111111 0.5622222222222222 0.1111111111111111 0.04
2 0.4955555555555556 0.5933333333333334 0.1288888888888889 0.08444444444444445
2 0.5844444444444444 0.7666666666666667 0.14666666666666667 0.2
2 0.9577777777777777 0.8222222222222222 0.06666666666666667 0.28444444444444444
2 0.18888888888888888 0.7511111111111111 0.25333333333333335 0.08
2 0.07777777777777778 0.6666666666666666 0.14666666666666667 0.044444444444444446
2 0.06222222222222222 0.5844444444444444 0.11555555555555555 0.12
2 0.10888888888888888 0.49777777777777776 0.10222222222222223 0.12444444444444444
2 0.17555555555555555 0.5533333333333333 0.10222222222222223 0.14666666666666667
2 0.28888888888888886 0.5 0.12444444444444444 0.06666666666666667
2 0.2866666666666667 0.5911111111111111 0.10222222222222223 0.08
2 0.13555555555555557 0.4088888888888889 0.16444444444444445 0.06222222222222222
2 0.21333333333333335 0.3288888888888889 0.08888888888888889 0.08
2 0.9644444444444444 0.4444444444444444 0.07111111111111111 0.05333333333333334
2 0.7511111111111111 0.13111111111111112 0.09777777777777778 0.09333333333333334
2 0.9644444444444444 0.17333333333333334 0.07111111111111111 0.07111111111111111
2 0.6466666666666666 0.13111111111111112 0.1288888888888889 0.04
2 0.6022222222222222 0.15777777777777777 0.1288888888888889 0.04888888888888889
2 0.6822222222222222 0.20666666666666667 0.1288888888888889 0.04888888888888889
2 0.2911111111111111 0.09111111111111111 0.14666666666666667 0.06666666666666667
2 0.27555555555555555 0.21777777777777776 0.18666666666666668 0.07111111111111111
2 0.1288888888888889 0.1511111111111111 0.13333333333333333 0.1511111111111111
2 0.16666666666666666 0.2311111111111111 0.1288888888888889 0.044444444444444446
2 0.5555555555555556 0.23555555555555555 0.08888888888888889 0.044444444444444446