2 0.6644444444444444 0.2644444444444444 0.10222222222222223 0.27111111111111114
2 0.6422222222222222 0.07333333333333333 0.15555555555555556 0.13777777777777778
2 0.5555555555555556 0.14666666666666667 0.08 0.14222222222222222
2 0.5866666666666667 0.2088888888888889 0.07111111111111111 0.10666666666666667
2 0.5666666666666667 0.3711111111111111 0.057777777777777775 0.1288888888888889
2 0.5466666666666666 0.33111111111111113 0.11555555555555555 0.12
2 0.56 0.46444444444444444 0.05333333333333334 0.07555555555555556
2 0.5622222222222222 0.5888888888888889 0.04 0.1111111111111111
2 0.5933333333333334 0.5044444444444445 0.08444444444444445 0.1288888888888889
2 0.7666666666666667 0.41555555555555557 0.2 0.14666666666666667
2 0.8222222222222222 0.042222222222222223 0.28444444444444444 0.06666666666666667
2 0.7511111111111111 0.8111111111111111 0.08 0.25333333333333335
2 0.6666666666666666 0.9222222222222223 0.044444444444444446 0.14666666666666667
2 0.5844444444444444 0.9377777777777778 0.12 0.11555555555555555
2 0.49777777777777776 0.8911111111111111 0.12444444444444444 0.10222222222222223
2 0.5533333333333333 0.8244444444444444 0.14666666666666667 0.10222222222222223
2 0.5 0.7111111111111111 0.06666666666666667 0.12444444444444444
2 0.5911111111111111 0.7133333333333334 0.08 0.10222222222222223
2 0.4088888888888889 0.8644444444444445 0.06222222222222222 0.16444444444444445
2 0.3288888888888889 0.7866666666666666 0.08 0.08888888888888889
2 0.4444444444444444 0.035555555555555556 0.05333333333333334 0.07111111111111111
2 0.13111111111111112 0.24888888888888888 0.09333333333333334 0.09777777777777778
2 0.17333333333333334 0.035555555555555556 0.07111111111111111 0.07111111111111111
2 0.13111111111111112 0.35333333333333333 0.04 0.1288888888888889
2 0.15777777777777777 0.3977777777777778 0.04888888888888889 0.1288888888888889
2 0.20666666666666667 0.31777777777777777 0.04888888888888889 0.1288888888888889
2 0.09111111111111111 0.7088888888888889 0.06666666666666667 0.14666666666666667
2 0.21777777777777776 0.7244444444444444 0.07111111111111111 0.18666666666666668
2 0.1511111111111111 0.8711111111111111 0.1511111111111111 0.13333333333333333
2 0.2311111111111111 0.8333333333333334 0.044444444444444446 0.1288888888888889
2 0.23555555555555555 0.4444444444444444 0.044444444444444446 0.08888888888888889