2 0.7488888888888889 0.18888888888888888 0.12 0.27111111111111114
2 0.6733333333333333 0.08 0.08444444444444445 0.16
2 0.5933333333333334 0.06666666666666667 0.10222222222222223 0.13333333333333333
2 0.5622222222222222 0.18222222222222223 0.12 0.08888888888888889
2 0.6044444444444445 0.3 0.06222222222222222 0.07555555555555556
2 0.56 0.26222222222222225 0.06222222222222222 0.044444444444444446
2 0.5044444444444445 0.10666666666666667 0.14666666666666667 0.16
2 0.41333333333333333 0.13111111111111112 0.05333333333333334 0.15555555555555556
2 0.32666666666666666 0.2088888888888889 0.10222222222222223 0.10666666666666667
2 0.5 0.2777777777777778 0.04888888888888889 0.14666666666666667
2 0.5466666666666666 0.4111111111111111 0.06222222222222222 0.14666666666666667
2 0.56 0.5288888888888889 0.06222222222222222 0.05333333333333334
2 0.76 0.5711111111111111 0.16 0.16444444444444445
2 0.6666666666666666 0.7155555555555555 0.13333333333333333 0.32
2 0.64 0.9333333333333333 0.16 0.10666666666666667
2 0.8244444444444444 0.9555555555555556 0.25333333333333335 0.08
2 0.5488888888888889 0.6222222222222222 0.10222222222222223 0.13333333333333333
2 0.5355555555555556 0.84 0.08444444444444445 0.16
2 0.5377777777777778 0.9577777777777777 0.05333333333333334 0.04888888888888889
2 0.051111111111111114 0.4022222222222222 0.09333333333333334 0.10222222222222223
2 0.09555555555555556 0.2822222222222222 0.06666666666666667 0.13777777777777778
2 0.13555555555555557 0.34 0.06666666666666667 0.1111111111111111
2 0.18222222222222223 0.4 0.05333333333333334 0.10666666666666667
2 0.2088888888888889 0.2777777777777778 0.08 0.14666666666666667
2 0.14666666666666667 0.11777777777777777 0.13333333333333333 0.1288888888888889
2 0.24444444444444444 0.17333333333333334 0.06222222222222222 0.13333333333333333
2 0.035555555555555556 0.24666666666666667 0.06222222222222222 0.08444444444444445
2 0.028888888888888888 0.08888888888888889 0.04888888888888889 0.17777777777777778
2 0.12444444444444444 0.6266666666666667 0.035555555555555556 0.13333333333333333
2 0.16 0.5844444444444444 0.044444444444444446 0.12
2 0.10666666666666667 0.7688888888888888 0.06222222222222222 0.11555555555555555
2 0.15777777777777777 0.7244444444444444 0.04 0.10666666666666667
2 0.19111111111111112 0.6733333333333333 0.044444444444444446 0.09333333333333334
2 0.18888888888888888 0.7711111111111111 0.04 0.12
2 0.18222222222222223 0.9511111111111111 0.07111111111111111 0.08888888888888889
2 0.10666666666666667 0.9333333333333333 0.07111111111111111 0.10666666666666667
2 0.2311111111111111 0.8911111111111111 0.044444444444444446 0.07555555555555556
2 0.24888888888888888 0.7622222222222222 0.044444444444444446 0.08444444444444445
2 0.25333333333333335 0.6733333333333333 0.05333333333333334 0.1111111111111111
2 0.2311111111111111 0.5511111111111111 0.044444444444444446 0.07111111111111111