2 0.90859375 0.8515625 0.1078125 0.1171875
2 0.86328125 0.3125 0.159375 0.2046875
2 0.5546875 0.0765625 0.1171875 0.153125
2 0.68125 0.0359375 0.1015625 0.0671875
2 0.65390625 0.46015625 0.03125 0.11875
2 0.6234375 0.525 0.1 0.1140625
2 0.62421875 0.41328125 0.0828125 0.115625
2 0.68984375 0.821875 0.11875 0.1828125
1 0.4859375 0.5625 0.0390625 0.0703125
2 0.415625 0.0109375 0.0546875 0.021875
2 0.1203125 0.0296875 0.071875 0.059375
2 0.2515625 0.2015625 0.08125 0.125
2 0.27265625 0.6125 0.1171875 0.1828125
2 0.18828125 0.76875 0.103125 0.13125
2 0.44296875 0.53203125 0.046875 0.115625
2 0.428125 0.4921875 0.0609375 0.1484375
2 0.38203125 0.48359375 0.0546875 0.146875
2 0.328125 0.43671875 0.096875 0.0875
2 0.3421875 0.35546875 0.034375 0.053125
2 0.35234375 0.51328125 0.0421875 0.0796875