2 0.09140625 0.1484375 0.1078125 0.1171875
2 0.13671875 0.6875 0.159375 0.2046875
2 0.4453125 0.9234375 0.1171875 0.153125
2 0.31875 0.9640625 0.1015625 0.0671875
2 0.34609375 0.53984375 0.03125 0.11875
2 0.3765625 0.475 0.1 0.1140625
2 0.37578125 0.58671875 0.0828125 0.115625
2 0.31015625 0.178125 0.11875 0.1828125
1 0.5140625 0.4375 0.0390625 0.0703125
2 0.584375 0.9890625 0.0546875 0.021875
2 0.8796875 0.9703125 0.071875 0.059375
2 0.7484375 0.7984375 0.08125 0.125
2 0.72734375 0.3875 0.1171875 0.1828125
2 0.81171875 0.23125 0.103125 0.13125
2 0.55703125 0.46796875 0.046875 0.115625
2 0.571875 0.5078125 0.0609375 0.1484375
2 0.61796875 0.51640625 0.0546875 0.146875
2 0.671875 0.56328125 0.096875 0.0875
2 0.6578125 0.64453125 0.034375 0.053125
2 0.64765625 0.48671875 0.0421875 0.0796875