2 0.8518281249999999 0.091703125 0.1174375 0.10840625
2 0.31242187499999996 0.136609375 0.20404687500000002 0.15914062499999998
2 0.076359375 0.44534375 0.152734375 0.11790624999999999
2 0.036078125 0.31859375 0.067453125 0.10124999999999999
2 0.46025 0.3459375 0.1189375 0.0309375
2 0.525296875 0.37678124999999996 0.11425 0.1004375
2 0.413578125 0.376 0.1154375 0.08325
2 0.822140625 0.309796875 0.182546875 0.11882812499999999
1 0.56278125 0.513859375 0.07009375 0.038656249999999996
2 0.0109375 0.5841406250000001 0.021875 0.054234375
2 0.029484375 0.87996875 0.058984375 0.071640625
2 0.20129687500000001 0.7483593749999999 0.12553125 0.081875
2 0.61240625 0.727265625 0.182234375 0.11781250000000001
2 0.7684375 0.811421875 0.13187500000000002 0.10253125
2 0.532328125 0.556828125 0.11581250000000001 0.047281250000000004
2 0.49246875 0.57165625 0.148234375 0.060484375
2 0.483875 0.6179218750000001 0.146671875 0.055390625000000006
2 0.4368125 0.672015625 0.087703125 0.09714062500000001
2 0.355375 0.65815625 0.053734375 0.03428125
2 0.512984375 0.647625 0.080265625 0.041484375000000004