2 0.5827656250000001 0.6310972222222222 0.06736718750000001 0.04911111111111111
2 0.7347421875 0.5597222222222222 0.0352890625 0.03327777777777778
2 0.503 0.635625 0.0765625 0.04861111111111111
2 0.49487500000000006 0.5929722222222222 0.05923437499999999 0.03822222222222222
1 0.5293593750000001 0.5978888888888889 0.0384609375 0.042124999999999996
2 0.5957109375 0.5899861111111111 0.07340624999999999 0.03345833333333333
2 0.3944765625 0.5807916666666667 0.0449765625 0.04427777777777778
1 0.3685390625 0.5861666666666667 0.0203828125 0.030458333333333334
2 0.3468203125 0.5398055555555555 0.04375 0.027625
2 0.1114375 0.5319444444444444 0.0313671875 0.025791666666666668
2 0.5896874999999999 0.5788194444444444 0.06821875 0.027055555555555555