2 0.4171875 0.36875 0.0671875 0.04861111111111111
2 0.265234375 0.44027777777777777 0.03515625 0.03333333333333333
2 0.496875 0.3645833333333333 0.0765625 0.04861111111111111
2 0.505078125 0.40694444444444444 0.059375 0.03888888888888889
1 0.470703125 0.40208333333333335 0.03828125 0.041666666666666664
2 0.404296875 0.4097222222222222 0.0734375 0.03333333333333333
2 0.60546875 0.41944444444444445 0.0453125 0.044444444444444446
1 0.631640625 0.41388888888888886 0.0203125 0.030555555555555555
2 0.653125 0.46041666666666664 0.04375 0.027777777777777776
2 0.888671875 0.46805555555555556 0.03125 0.02638888888888889
2 0.41015625 0.42083333333333334 0.06796875 0.02638888888888889