2 0.33251953125 0.265625 0.033203125 0.033854166666666664
2 0.36572265625 0.2682291666666667 0.03955078125 0.03819444444444445
2 0.4365234375 0.2621527777777778 0.01806640625 0.019965277777777776
1 0.4677734375 0.3020833333333333 0.0263671875 0.019097222222222224
2 0.50439453125 0.24131944444444445 0.0302734375 0.026041666666666668
2 0.63134765625 0.3046875 0.0263671875 0.03993055555555555
2 0.8681640625 0.4557291666666667 0.0390625 0.0390625
2 0.9560546875 0.3819444444444444 0.05810546875 0.05555555555555555
2 0.11083984375 0.2543402777777778 0.0166015625 0.028645833333333332
2 0.1455078125 0.2604166666666667 0.01416015625 0.026909722222222224
2 0.18505859375 0.5538194444444444 0.02783203125 0.024305555555555556