2 0.66748046875 0.734375 0.033203125 0.033854166666666664
2 0.63427734375 0.7317708333333334 0.03955078125 0.03819444444444445
2 0.5634765625 0.7378472222222222 0.01806640625 0.019965277777777776
1 0.5322265625 0.6979166666666666 0.0263671875 0.019097222222222224
2 0.49560546875 0.7586805555555556 0.0302734375 0.026041666666666668
2 0.36865234375 0.6953125 0.0263671875 0.03993055555555555
2 0.1318359375 0.5442708333333334 0.0390625 0.0390625
2 0.0439453125 0.6180555555555556 0.05810546875 0.05555555555555555
2 0.88916015625 0.7456597222222222 0.0166015625 0.028645833333333332
2 0.8544921875 0.7395833333333334 0.01416015625 0.026909722222222224
2 0.81494140625 0.4461805555555556 0.02783203125 0.024305555555555556