2 0.62255859375 0.6675347222222222 0.0263671875 0.03993055555555555
1 0.78369140625 0.6684027777777778 0.02685546875 0.022569444444444444
2 0.7529296875 0.7317708333333334 0.0390625 0.03211805555555555
2 0.8115234375 0.7135416666666666 0.01904296875 0.019097222222222224
2 0.80078125 0.7048611111111112 0.01220703125 0.020833333333333332
2 0.79150390625 0.7048611111111112 0.01025390625 0.019097222222222224
2 0.880859375 0.7100694444444444 0.0478515625 0.03125
2 0.91943359375 0.7092013888888888 0.03125 0.030381944444444444
2 0.9501953125 0.7039930555555556 0.03076171875 0.049479166666666664
2 0.8408203125 0.7604166666666666 0.01318359375 0.026041666666666668
2 0.2998046875 0.5894097222222222 0.06591796875 0.06163194444444445
2 0.375 0.5251736111111112 0.03955078125 0.03211805555555555