2 0.37744140625 0.3324652777777778 0.0263671875 0.03993055555555555
1 0.21630859375 0.3315972222222222 0.02685546875 0.022569444444444444
2 0.2470703125 0.2682291666666667 0.0390625 0.03211805555555555
2 0.1884765625 0.2864583333333333 0.01904296875 0.019097222222222224
2 0.19921875 0.2951388888888889 0.01220703125 0.020833333333333332
2 0.20849609375 0.2951388888888889 0.01025390625 0.019097222222222224
2 0.119140625 0.2899305555555556 0.0478515625 0.03125
2 0.08056640625 0.2907986111111111 0.03125 0.030381944444444444
2 0.0498046875 0.2960069444444444 0.03076171875 0.049479166666666664
2 0.1591796875 0.23958333333333334 0.01318359375 0.026041666666666668
2 0.7001953125 0.4105902777777778 0.06591796875 0.06163194444444445
2 0.625 0.4748263888888889 0.03955078125 0.03211805555555555