2 0.8759765625 0.23524305555555555 0.03759765625 0.04079861111111111
2 0.7744140625 0.16927083333333334 0.0361328125 0.029513888888888888
1 0.7548828125 0.2282986111111111 0.02587890625 0.022569444444444444
2 0.65625 0.1918402777777778 0.05029296875 0.034722222222222224
2 0.623046875 0.1875 0.01953125 0.0390625
2 0.73974609375 0.19618055555555555 0.01318359375 0.024305555555555556
2 0.74853515625 0.1953125 0.009765625 0.022569444444444444
2 0.3798828125 0.2152777777777778 0.052734375 0.035590277777777776
2 0.4453125 0.1701388888888889 0.015625 0.026909722222222224
2 0.41357421875 0.15364583333333334 0.01318359375 0.026909722222222224
2 0.45458984375 0.6484375 0.04296875 0.027777777777777776
2 0.39697265625 0.9314236111111112 0.04541015625 0.033854166666666664