2 0.68603515625 0.9778645833333334 0.0166015625 0.044270833333333336
1 0.65283203125 0.953125 0.0126953125 0.04600694444444445
2 0.67333984375 0.7777777777777778 0.01953125 0.08940972222222222
2 0.67578125 0.71875 0.02197265625 0.034722222222222224
2 0.6708984375 0.9262152777777778 0.013671875 0.0234375
2 0.67138671875 0.9418402777777778 0.0126953125 0.017361111111111112
2 0.66015625 0.2864583333333333 0.02001953125 0.09375
2 0.685546875 0.4027777777777778 0.01513671875 0.027777777777777776
2 0.69482421875 0.3463541666666667 0.01513671875 0.0234375
2 0.41650390625 0.4192708333333333 0.015625 0.0763888888888889
2 0.25732421875 0.3168402777777778 0.01904296875 0.08072916666666667