2 0.1240234375 0.7647569444444444 0.03759765625 0.04079861111111111
2 0.2255859375 0.8307291666666666 0.0361328125 0.029513888888888888
1 0.2451171875 0.7717013888888888 0.02587890625 0.022569444444444444
2 0.34375 0.8081597222222222 0.05029296875 0.034722222222222224
2 0.376953125 0.8125 0.01953125 0.0390625
2 0.26025390625 0.8038194444444444 0.01318359375 0.024305555555555556
2 0.25146484375 0.8046875 0.009765625 0.022569444444444444
2 0.6201171875 0.7847222222222222 0.052734375 0.035590277777777776
2 0.5546875 0.8298611111111112 0.015625 0.026909722222222224
2 0.58642578125 0.8463541666666666 0.01318359375 0.026909722222222224
2 0.54541015625 0.3515625 0.04296875 0.027777777777777776
2 0.60302734375 0.0685763888888889 0.04541015625 0.033854166666666664