2 0.50634765625 0.6171875 0.04052734375 0.026041666666666668
2 0.45166015625 0.9105902777777778 0.0419921875 0.03732638888888889
2 0.4326171875 0.1840277777777778 0.044921875 0.03819444444444445
2 0.4599609375 0.12413194444444445 0.01318359375 0.025173611111111112
2 0.49169921875 0.1423611111111111 0.0146484375 0.028645833333333332
2 0.67431640625 0.1579861111111111 0.01904296875 0.0390625
2 0.70556640625 0.1623263888888889 0.05078125 0.034722222222222224
2 0.79052734375 0.16493055555555555 0.01171875 0.022569444444444444
2 0.79931640625 0.16493055555555555 0.0087890625 0.019965277777777776
1 0.80517578125 0.1987847222222222 0.02490234375 0.020833333333333332
2 0.8251953125 0.1371527777777778 0.03125 0.029513888888888888
2 0.7880859375 0.12586805555555555 0.01123046875 0.013888888888888888
2 0.82080078125 0.12065972222222222 0.009765625 0.011284722222222222
2 0.923828125 0.20052083333333334 0.03271484375 0.04079861111111111
2 0.77490234375 0.15711805555555555 0.017578125 0.016493055555555556