2 0.49365234375 0.3828125 0.04052734375 0.026041666666666668
2 0.54833984375 0.08940972222222222 0.0419921875 0.03732638888888889
2 0.5673828125 0.8159722222222222 0.044921875 0.03819444444444445
2 0.5400390625 0.8758680555555556 0.01318359375 0.025173611111111112
2 0.50830078125 0.8576388888888888 0.0146484375 0.028645833333333332
2 0.32568359375 0.8420138888888888 0.01904296875 0.0390625
2 0.29443359375 0.8376736111111112 0.05078125 0.034722222222222224
2 0.20947265625 0.8350694444444444 0.01171875 0.022569444444444444
2 0.20068359375 0.8350694444444444 0.0087890625 0.019965277777777776
1 0.19482421875 0.8012152777777778 0.02490234375 0.020833333333333332
2 0.1748046875 0.8628472222222222 0.03125 0.029513888888888888
2 0.2119140625 0.8741319444444444 0.01123046875 0.013888888888888888
2 0.17919921875 0.8793402777777778 0.009765625 0.011284722222222222
2 0.076171875 0.7994791666666666 0.03271484375 0.04079861111111111
2 0.22509765625 0.8428819444444444 0.017578125 0.016493055555555556