2 0.23828125 0.9513888888888888 0.04541015625 0.03819444444444445
2 0.2626953125 0.6171875 0.0439453125 0.033854166666666664
2 0.1240234375 0.18229166666666666 0.05810546875 0.03298611111111111
2 0.15380859375 0.1171875 0.0146484375 0.027777777777777776
2 0.193359375 0.1371527777777778 0.01708984375 0.03732638888888889
2 0.36767578125 0.1545138888888889 0.03173828125 0.057291666666666664
2 0.40087890625 0.13802083333333334 0.0244140625 0.0390625
2 0.4375 0.13541666666666666 0.0498046875 0.033854166666666664
2 0.47509765625 0.1449652777777778 0.0185546875 0.015625
2 0.4990234375 0.1449652777777778 0.0107421875 0.024305555555555556
2 0.5087890625 0.1440972222222222 0.01025390625 0.020833333333333332
2 0.47900390625 0.22569444444444445 0.0224609375 0.018229166666666668
1 0.50634765625 0.1736111111111111 0.02734375 0.020833333333333332
2 0.5244140625 0.1189236111111111 0.0224609375 0.03298611111111111
2 0.5234375 0.09114583333333333 0.009765625 0.014756944444444444
2 0.4931640625 0.10069444444444445 0.009765625 0.013020833333333334
2 0.6103515625 0.16145833333333334 0.01904296875 0.042534722222222224
2 0.85498046875 0.21354166666666666 0.013671875 0.015625
2 0.96533203125 0.3020833333333333 0.03662109375 0.027777777777777776
2 0.09912109375 0.8159722222222222 0.03271484375 0.019965277777777776