2 0.75390625 0.9622395833333334 0.021484375 0.07552083333333333
2 0.56591796875 0.921875 0.01904296875 0.078125
2 0.3056640625 0.7352430555555556 0.0322265625 0.05642361111111111
2 0.29638671875 0.6762152777777778 0.02197265625 0.043402777777777776
2 0.294921875 0.6111111111111112 0.01904296875 0.08854166666666667
2 0.30029296875 0.5442708333333334 0.0087890625 0.03298611111111111
2 0.30029296875 0.5017361111111112 0.013671875 0.019097222222222224
2 0.2998046875 0.484375 0.01171875 0.018229166666666668
2 0.345703125 0.5373263888888888 0.01025390625 0.03993055555555555
1 0.31640625 0.4887152777777778 0.01171875 0.04861111111111111
2 0.28564453125 0.4565972222222222 0.0185546875 0.03993055555555555
2 0.27001953125 0.4583333333333333 0.00830078125 0.017361111111111112
2 0.275390625 0.5121527777777778 0.00732421875 0.017361111111111112
2 0.3095703125 0.3038194444444444 0.02392578125 0.033854166666666664