2 0.1708984375 0.9461805555555556 0.04736328125 0.03732638888888889
2 0.19091796875 0.609375 0.0380859375 0.029513888888888888
2 0.0361328125 0.1796875 0.056640625 0.03298611111111111
2 0.06640625 0.1111111111111111 0.0126953125 0.025173611111111112
2 0.103515625 0.1310763888888889 0.01513671875 0.035590277777777776
2 0.28564453125 0.13802083333333334 0.03125 0.046875
2 0.32666015625 0.12760416666666666 0.02294921875 0.04079861111111111
2 0.359375 0.12065972222222222 0.0419921875 0.036458333333333336
2 0.3916015625 0.13975694444444445 0.02001953125 0.0234375
1 0.42041015625 0.16666666666666666 0.02685546875 0.020833333333333332
2 0.416015625 0.1362847222222222 0.0146484375 0.0234375
2 0.4248046875 0.13368055555555555 0.009765625 0.019097222222222224
2 0.43896484375 0.11197916666666667 0.0234375 0.034722222222222224
2 0.39306640625 0.21614583333333334 0.0166015625 0.015625
2 0.52587890625 0.1501736111111111 0.025390625 0.04079861111111111
2 0.8828125 0.28125 0.0400390625 0.03298611111111111