2 0.515380859375 0.9600694444444444 0.05322265625 0.0798611111111111
2 0.4482421875 0.8064236111111112 0.05224609375 0.12760416666666666
2 0.4521484375 0.6284722222222222 0.0419921875 0.04513888888888889
2 0.357421875 0.5711805555555556 0.01025390625 0.022569444444444444
2 0.29150390625 0.5112847222222222 0.05029296875 0.058159722222222224
2 0.28076171875 0.4600694444444444 0.02587890625 0.041666666666666664
2 0.306640625 0.4253472222222222 0.0224609375 0.026909722222222224
2 0.283203125 0.3420138888888889 0.0185546875 0.03732638888888889
2 0.2470703125 0.2977430555555556 0.0068359375 0.021701388888888888
2 0.24853515625 0.2690972222222222 0.01123046875 0.024305555555555556
2 0.279296875 0.2717013888888889 0.0146484375 0.07118055555555555
2 0.2529296875 0.11631944444444445 0.0322265625 0.07552083333333333
2 0.31396484375 0.1440972222222222 0.009765625 0.027777777777777776
2 0.25634765625 0.03819444444444445 0.01904296875 0.058159722222222224
2 0.25927734375 0.007378472222222222 0.017578125 0.014756944444444444
2 0.274169921875 0.009114583333333334 0.02197265625 0.018229166666666668
2 0.728515625 0.7821180555555556 0.0283203125 0.06510416666666667
2 0.265625 0.375 0.0107421875 0.0390625