2 0.03564453125 0.7378472222222222 0.06298828125 0.0920138888888889
2 0.22119140625 0.5277777777777778 0.08447265625 0.09461805555555555
2 0.32763671875 0.4079861111111111 0.07177734375 0.09288194444444445
2 0.427734375 0.4149305555555556 0.025390625 0.07465277777777778
2 0.4599609375 0.2465277777777778 0.0126953125 0.018229166666666668
2 0.49365234375 0.1293402777777778 0.03271484375 0.08940972222222222
2 0.5224609375 0.11024305555555555 0.0234375 0.04600694444444445
2 0.5419921875 0.15625 0.01513671875 0.03993055555555555
2 0.5888671875 0.11458333333333333 0.02099609375 0.03298611111111111
2 0.61376953125 0.050347222222222224 0.01220703125 0.012152777777777778
2 0.6298828125 0.05295138888888889 0.013671875 0.019965277777777776
2 0.62841796875 0.1076388888888889 0.0400390625 0.026041666666666668
2 0.7158203125 0.06076388888888889 0.04248046875 0.057291666666666664
2 0.7001953125 0.16927083333333334 0.015625 0.017361111111111112
2 0.759765625 0.06684027777777778 0.03271484375 0.033854166666666664
2 0.7861328125 0.0720486111111111 0.02685546875 0.03125
2 0.7939453125 0.09895833333333333 0.04638671875 0.0390625
2 0.82470703125 0.06076388888888889 0.03759765625 0.050347222222222224
2 0.8798828125 0.12065972222222222 0.0341796875 0.019965277777777776
2 0.888671875 0.078125 0.0234375 0.024305555555555556
2 0.92626953125 0.016493055555555556 0.0224609375 0.021701388888888888
2 0.34130859375 0.90625 0.03662109375 0.050347222222222224
2 0.5703125 0.08333333333333333 0.02197265625 0.019097222222222224