2 0.02392578125 0.7335069444444444 0.04736328125 0.09635416666666667
2 0.32080078125 0.8975694444444444 0.0419921875 0.059895833333333336
2 0.205078125 0.5217013888888888 0.08642578125 0.09809027777777778
2 0.30712890625 0.3923611111111111 0.0751953125 0.08159722222222222
2 0.4169921875 0.4079861111111111 0.0283203125 0.0798611111111111
2 0.4482421875 0.2378472222222222 0.0146484375 0.027777777777777776
2 0.48486328125 0.1154513888888889 0.029296875 0.08680555555555555
2 0.51220703125 0.10069444444444445 0.02294921875 0.04513888888888889
2 0.52978515625 0.14149305555555555 0.01806640625 0.035590277777777776
2 0.5791015625 0.10503472222222222 0.02001953125 0.03211805555555555
2 0.61865234375 0.09895833333333333 0.0390625 0.028645833333333332
2 0.61962890625 0.04513888888888889 0.013671875 0.020833333333333332
2 0.60400390625 0.043402777777777776 0.01318359375 0.013020833333333334
2 0.70556640625 0.052083333333333336 0.04248046875 0.057291666666666664
2 0.6943359375 0.0842013888888889 0.01708984375 0.010416666666666666
2 0.68896484375 0.1623263888888889 0.01611328125 0.021701388888888888
2 0.74951171875 0.058159722222222224 0.0341796875 0.033854166666666664
2 0.77685546875 0.0642361111111111 0.02734375 0.033854166666666664
2 0.783203125 0.0920138888888889 0.04833984375 0.03993055555555555
2 0.81298828125 0.05295138888888889 0.0380859375 0.050347222222222224
2 0.869140625 0.11458333333333333 0.03466796875 0.019965277777777776
2 0.8759765625 0.0703125 0.0244140625 0.025173611111111112
2 0.91357421875 0.010416666666666666 0.02001953125 0.019097222222222224