2 0.2763671875 0.1814236111111111 0.03369140625 0.07465277777777778
2 0.487548828125 0.026041666666666668 0.05517578125 0.052083333333333336
2 0.560546875 0.15711805555555555 0.0458984375 0.13368055555555555
2 0.5517578125 0.3524305555555556 0.044921875 0.050347222222222224
2 0.6474609375 0.4079861111111111 0.015625 0.026041666666666668
2 0.71630859375 0.4730902777777778 0.048828125 0.052083333333333336
2 0.724609375 0.5217013888888888 0.025390625 0.04079861111111111
2 0.70166015625 0.5529513888888888 0.02001953125 0.03211805555555555
2 0.72216796875 0.640625 0.01806640625 0.035590277777777776
2 0.7255859375 0.7109375 0.01611328125 0.06944444444444445
2 0.755859375 0.7126736111111112 0.01171875 0.024305555555555556
2 0.7568359375 0.6848958333333334 0.00732421875 0.0234375
2 0.751953125 0.8654513888888888 0.0322265625 0.07552083333333333
2 0.73388671875 0.8454861111111112 0.005859375 0.030381944444444444
2 0.68994140625 0.8359375 0.01220703125 0.028645833333333332
2 0.74853515625 0.9435763888888888 0.01904296875 0.06076388888888889
2 0.744873046875 0.9839409722222222 0.01904296875 0.03211805555555555
2 0.7294921875 0.9800347222222222 0.0224609375 0.03993055555555555