2 0.9638671875 0.2881944444444444 0.06396484375 0.0876736111111111
2 0.77490234375 0.4947916666666667 0.08154296875 0.09375
2 0.6650390625 0.11805555555555555 0.0361328125 0.050347222222222224
2 0.6796875 0.6362847222222222 0.07470703125 0.0685763888888889
2 0.56689453125 0.6119791666666666 0.0205078125 0.07465277777777778
2 0.5341796875 0.7760416666666666 0.01416015625 0.017361111111111112
2 0.49755859375 0.8923611111111112 0.0322265625 0.08246527777777778
2 0.4697265625 0.9105902777777778 0.021484375 0.03819444444444445
2 0.45361328125 0.8654513888888888 0.013671875 0.04079861111111111
2 0.40234375 0.9053819444444444 0.01953125 0.030381944444444444
2 0.36181640625 0.9652777777777778 0.01513671875 0.019097222222222224
2 0.36279296875 0.9131944444444444 0.0390625 0.026909722222222224
2 0.2734375 0.9592013888888888 0.04296875 0.057291666666666664
2 0.2275390625 0.9496527777777778 0.03515625 0.03298611111111111
2 0.19482421875 0.9175347222222222 0.048828125 0.03993055555555555
2 0.19970703125 0.9453125 0.02685546875 0.03211805555555555
2 0.16552734375 0.9565972222222222 0.0380859375 0.04861111111111111
2 0.1064453125 0.8975694444444444 0.03515625 0.017361111111111112
2 0.09912109375 0.9392361111111112 0.0244140625 0.025173611111111112
2 0.0458984375 0.9921875 0.0380859375 0.014756944444444444