2 0.0361328125 0.7118055555555556 0.06396484375 0.0876736111111111
2 0.22509765625 0.5052083333333334 0.08154296875 0.09375
2 0.3349609375 0.8819444444444444 0.0361328125 0.050347222222222224
2 0.3203125 0.3637152777777778 0.07470703125 0.0685763888888889
2 0.43310546875 0.3880208333333333 0.0205078125 0.07465277777777778
2 0.4658203125 0.22395833333333334 0.01416015625 0.017361111111111112
2 0.50244140625 0.1076388888888889 0.0322265625 0.08246527777777778
2 0.5302734375 0.08940972222222222 0.021484375 0.03819444444444445
2 0.54638671875 0.1345486111111111 0.013671875 0.04079861111111111
2 0.59765625 0.09461805555555555 0.01953125 0.030381944444444444
2 0.63818359375 0.034722222222222224 0.01513671875 0.019097222222222224
2 0.63720703125 0.08680555555555555 0.0390625 0.026909722222222224
2 0.7265625 0.04079861111111111 0.04296875 0.057291666666666664
2 0.7724609375 0.050347222222222224 0.03515625 0.03298611111111111
2 0.80517578125 0.08246527777777778 0.048828125 0.03993055555555555
2 0.80029296875 0.0546875 0.02685546875 0.03211805555555555
2 0.83447265625 0.043402777777777776 0.0380859375 0.04861111111111111
2 0.8935546875 0.10243055555555555 0.03515625 0.017361111111111112
2 0.90087890625 0.06076388888888889 0.0244140625 0.025173611111111112
2 0.9541015625 0.0078125 0.0380859375 0.014756944444444444