2 0.6728515625 0.0842013888888889 0.041015625 0.03125
2 0.6318359375 0.08940972222222222 0.02099609375 0.034722222222222224
2 0.67431640625 0.027777777777777776 0.015625 0.021701388888888888
2 0.76611328125 0.036458333333333336 0.044921875 0.06076388888888889
2 0.814453125 0.04861111111111111 0.03662109375 0.034722222222222224
2 0.845703125 0.08072916666666667 0.05078125 0.03993055555555555
2 0.84326171875 0.05381944444444445 0.02783203125 0.033854166666666664
2 0.876953125 0.041666666666666664 0.0390625 0.05295138888888889
2 0.9365234375 0.1032986111111111 0.0361328125 0.019965277777777776
2 0.9443359375 0.059895833333333336 0.0263671875 0.026909722222222224
2 0.5771484375 0.125 0.0146484375 0.0390625
2 0.533203125 0.0998263888888889 0.0380859375 0.08680555555555555
2 0.5625 0.0798611111111111 0.01904296875 0.041666666666666664
2 0.453125 0.375 0.02978515625 0.07465277777777778
2 0.35009765625 0.3446180555555556 0.07568359375 0.06510416666666667
2 0.255859375 0.4869791666666667 0.080078125 0.08940972222222222
2 0.0732421875 0.6788194444444444 0.05859375 0.08246527777777778
2 0.353515625 0.859375 0.0380859375 0.05642361111111111