2 0.484375 0.8784722222222222 0.048828125 0.1362847222222222
2 0.404296875 0.7118055555555556 0.0341796875 0.1310763888888889
2 0.42333984375 0.5486111111111112 0.03759765625 0.07118055555555555
2 0.2646484375 0.3767361111111111 0.04443359375 0.06770833333333333
2 0.2568359375 0.3255208333333333 0.02197265625 0.036458333333333336
2 0.2841796875 0.3029513888888889 0.0263671875 0.025173611111111112
2 0.263671875 0.20052083333333334 0.01904296875 0.035590277777777776
2 0.2607421875 0.125 0.01708984375 0.07378472222222222
2 0.2294921875 0.11979166666666667 0.01123046875 0.026041666666666668
2 0.69091796875 0.7282986111111112 0.02587890625 0.06076388888888889
2 0.33154296875 0.4496527777777778 0.009765625 0.021701388888888888