2 0.10546875 0.6493055555555556 0.056640625 0.07725694444444445
2 0.287109375 0.4722222222222222 0.07666015625 0.08680555555555555
2 0.380859375 0.3298611111111111 0.07373046875 0.06076388888888889
2 0.47265625 0.3637152777777778 0.0400390625 0.06684027777777778
2 0.5693359375 0.08159722222222222 0.0380859375 0.07899305555555555
2 0.59814453125 0.06770833333333333 0.0205078125 0.0390625
2 0.61083984375 0.11631944444444445 0.01416015625 0.046875
2 0.66845703125 0.0798611111111111 0.02001953125 0.033854166666666664
2 0.7109375 0.07465277777777778 0.04150390625 0.030381944444444444
2 0.7138671875 0.019097222222222224 0.0146484375 0.019965277777777776
2 0.81103515625 0.030381944444444444 0.04541015625 0.059027777777777776
2 0.8603515625 0.04861111111111111 0.0400390625 0.03125
2 0.89111328125 0.051215277777777776 0.029296875 0.033854166666666664
2 0.89013671875 0.07725694444444445 0.04833984375 0.03819444444444445
2 0.92236328125 0.0390625 0.04248046875 0.052083333333333336
2 0.9892578125 0.058159722222222224 0.02099609375 0.026041666666666668
2 0.98291015625 0.10590277777777778 0.0341796875 0.018229166666666668
2 0.37158203125 0.8394097222222222 0.0341796875 0.04600694444444445
2 0.5283203125 0.20052083333333334 0.01220703125 0.017361111111111112