2 0.89453125 0.3506944444444444 0.056640625 0.07725694444444445
2 0.712890625 0.5277777777777778 0.07666015625 0.08680555555555555
2 0.619140625 0.6701388888888888 0.07373046875 0.06076388888888889
2 0.52734375 0.6362847222222222 0.0400390625 0.06684027777777778
2 0.4306640625 0.9184027777777778 0.0380859375 0.07899305555555555
2 0.40185546875 0.9322916666666666 0.0205078125 0.0390625
2 0.38916015625 0.8836805555555556 0.01416015625 0.046875
2 0.33154296875 0.9201388888888888 0.02001953125 0.033854166666666664
2 0.2890625 0.9253472222222222 0.04150390625 0.030381944444444444
2 0.2861328125 0.9809027777777778 0.0146484375 0.019965277777777776
2 0.18896484375 0.9696180555555556 0.04541015625 0.059027777777777776
2 0.1396484375 0.9513888888888888 0.0400390625 0.03125
2 0.10888671875 0.9487847222222222 0.029296875 0.033854166666666664
2 0.10986328125 0.9227430555555556 0.04833984375 0.03819444444444445
2 0.07763671875 0.9609375 0.04248046875 0.052083333333333336
2 0.0107421875 0.9418402777777778 0.02099609375 0.026041666666666668
2 0.01708984375 0.8940972222222222 0.0341796875 0.018229166666666668
2 0.62841796875 0.1605902777777778 0.0341796875 0.04600694444444445
2 0.4716796875 0.7994791666666666 0.01220703125 0.017361111111111112