2 0.39013671875 0.8359375 0.03369140625 0.04600694444444445
2 0.134765625 0.6345486111111112 0.0546875 0.07552083333333333
2 0.3134765625 0.46875 0.07568359375 0.08506944444444445
2 0.40771484375 0.3324652777777778 0.072265625 0.059895833333333336
2 0.49609375 0.3671875 0.03955078125 0.06510416666666667
2 0.55712890625 0.2074652777777778 0.0146484375 0.017361111111111112
2 0.5908203125 0.059027777777777776 0.0107421875 0.012152777777777778
2 0.6005859375 0.0920138888888889 0.03857421875 0.07291666666666667
2 0.62890625 0.07725694444444445 0.02099609375 0.036458333333333336
2 0.63916015625 0.1284722222222222 0.01513671875 0.04774305555555555
2 0.70068359375 0.09461805555555555 0.02001953125 0.03125
2 0.67138671875 0.033854166666666664 0.01123046875 0.016493055555555556
2 0.732421875 0.027777777777777776 0.01416015625 0.010416666666666666
2 0.748046875 0.03211805555555555 0.0166015625 0.019097222222222224
2 0.744140625 0.08854166666666667 0.04150390625 0.029513888888888888
2 0.82177734375 0.1623263888888889 0.01708984375 0.015625
2 0.830078125 0.07725694444444445 0.01806640625 0.0078125
2 0.8505859375 0.04079861111111111 0.046875 0.059027777777777776
2 0.900390625 0.0625 0.041015625 0.027777777777777776
2 0.92822265625 0.09375 0.0498046875 0.03993055555555555
2 0.931640625 0.06684027777777778 0.03076171875 0.03298611111111111
2 0.96142578125 0.0546875 0.04296875 0.05381944444444445