2 0.60986328125 0.1640625 0.03369140625 0.04600694444444445
2 0.865234375 0.3654513888888889 0.0546875 0.07552083333333333
2 0.6865234375 0.53125 0.07568359375 0.08506944444444445
2 0.59228515625 0.6675347222222222 0.072265625 0.059895833333333336
2 0.50390625 0.6328125 0.03955078125 0.06510416666666667
2 0.44287109375 0.7925347222222222 0.0146484375 0.017361111111111112
2 0.4091796875 0.9409722222222222 0.0107421875 0.012152777777777778
2 0.3994140625 0.9079861111111112 0.03857421875 0.07291666666666667
2 0.37109375 0.9227430555555556 0.02099609375 0.036458333333333336
2 0.36083984375 0.8715277777777778 0.01513671875 0.04774305555555555
2 0.29931640625 0.9053819444444444 0.02001953125 0.03125
2 0.32861328125 0.9661458333333334 0.01123046875 0.016493055555555556
2 0.267578125 0.9722222222222222 0.01416015625 0.010416666666666666
2 0.251953125 0.9678819444444444 0.0166015625 0.019097222222222224
2 0.255859375 0.9114583333333334 0.04150390625 0.029513888888888888
2 0.17822265625 0.8376736111111112 0.01708984375 0.015625
2 0.169921875 0.9227430555555556 0.01806640625 0.0078125
2 0.1494140625 0.9592013888888888 0.046875 0.059027777777777776
2 0.099609375 0.9375 0.041015625 0.027777777777777776
2 0.07177734375 0.90625 0.0498046875 0.03993055555555555
2 0.068359375 0.9331597222222222 0.03076171875 0.03298611111111111
2 0.03857421875 0.9453125 0.04296875 0.05381944444444445