2 0.314453125 0.3246527777777778 0.025390625 0.059895833333333336
2 0.52099609375 0.2048611111111111 0.0478515625 0.1345486111111111
2 0.59521484375 0.3776041666666667 0.03173828125 0.1345486111111111
2 0.57666015625 0.5286458333333334 0.03857421875 0.0720486111111111
2 0.6650390625 0.6432291666666666 0.00830078125 0.021701388888888888
2 0.73095703125 0.7230902777777778 0.04248046875 0.07378472222222222
2 0.73974609375 0.7751736111111112 0.02099609375 0.035590277777777776
2 0.7099609375 0.7907986111111112 0.02734375 0.0234375
2 0.7626953125 0.8541666666666666 0.01171875 0.021701388888888888
2 0.7294921875 0.9053819444444444 0.017578125 0.035590277777777776
2 0.7646484375 0.9626736111111112 0.00634765625 0.024305555555555556
2 0.76220703125 0.9878472222222222 0.0107421875 0.024305555555555556
2 0.731689453125 0.9735243055555556 0.01513671875 0.05295138888888889