2 0.4013671875 0.8298611111111112 0.03369140625 0.04513888888888889
2 0.154296875 0.6197916666666666 0.0546875 0.07725694444444445
2 0.333984375 0.4626736111111111 0.07568359375 0.08506944444444445
2 0.43115234375 0.3307291666666667 0.07568359375 0.05642361111111111
2 0.51611328125 0.3637152777777778 0.04052734375 0.0685763888888889
2 0.58056640625 0.2065972222222222 0.01220703125 0.014756944444444444
2 0.62548828125 0.08940972222222222 0.04150390625 0.07552083333333333
2 0.65478515625 0.07378472222222222 0.02001953125 0.03732638888888889
2 0.66357421875 0.1267361111111111 0.01318359375 0.04861111111111111
2 0.69921875 0.03298611111111111 0.01220703125 0.020833333333333332
2 0.72802734375 0.0920138888888889 0.02001953125 0.03125
2 0.76025390625 0.029513888888888888 0.013671875 0.011284722222222222
2 0.77587890625 0.033854166666666664 0.01611328125 0.019097222222222224
2 0.7724609375 0.0876736111111111 0.0419921875 0.026909722222222224
2 0.8505859375 0.16927083333333334 0.01513671875 0.015625
2 0.859375 0.08246527777777778 0.01953125 0.009548611111111112
2 0.88427734375 0.044270833333333336 0.0498046875 0.06336805555555555
2 0.935546875 0.07118055555555555 0.04296875 0.030381944444444444
2 0.9599609375 0.10069444444444445 0.0537109375 0.046875
2 0.96728515625 0.07552083333333333 0.03173828125 0.03298611111111111
2 0.986328125 0.06336805555555555 0.02685546875 0.049479166666666664