2 0.1865234375 0.5902777777777778 0.0537109375 0.07552083333333333
2 0.36181640625 0.4470486111111111 0.0751953125 0.0859375
2 0.46044921875 0.3177083333333333 0.07763671875 0.059895833333333336
2 0.5478515625 0.3567708333333333 0.03857421875 0.06944444444444445
2 0.61083984375 0.2048611111111111 0.0146484375 0.018229166666666668
2 0.66259765625 0.08506944444444445 0.03759765625 0.06770833333333333
2 0.69091796875 0.078125 0.02197265625 0.04079861111111111
2 0.6962890625 0.12760416666666666 0.01513671875 0.049479166666666664
2 0.76416015625 0.09809027777777778 0.02294921875 0.03298611111111111
2 0.8115234375 0.0954861111111111 0.04638671875 0.034722222222222224
2 0.81494140625 0.0390625 0.0185546875 0.022569444444444444
2 0.7998046875 0.034722222222222224 0.0146484375 0.012152777777777778
2 0.890625 0.17881944444444445 0.01708984375 0.016493055555555556
2 0.93115234375 0.050347222222222224 0.0537109375 0.06510416666666667
2 0.97998046875 0.08072916666666667 0.0400390625 0.027777777777777776
2 0.9892578125 0.1111111111111111 0.02099609375 0.042534722222222224
2 0.9013671875 0.09114583333333333 0.01904296875 0.009548611111111112
2 0.736328125 0.03819444444444445 0.01171875 0.018229166666666668
2 0.41845703125 0.8098958333333334 0.0390625 0.051215277777777776