2 0.197265625 0.5763888888888888 0.05419921875 0.07291666666666667
2 0.3759765625 0.4401041666666667 0.07275390625 0.0842013888888889
2 0.4755859375 0.3081597222222222 0.07373046875 0.06076388888888889
2 0.56494140625 0.3489583333333333 0.033203125 0.0703125
2 0.6259765625 0.18836805555555555 0.0126953125 0.016493055555555556
2 0.67822265625 0.07291666666666667 0.037109375 0.07552083333333333
2 0.70458984375 0.06510416666666667 0.02197265625 0.04513888888888889
2 0.7099609375 0.11284722222222222 0.01513671875 0.044270833333333336
2 0.78173828125 0.0859375 0.02392578125 0.03298611111111111
2 0.818359375 0.0234375 0.0146484375 0.012152777777777778
2 0.83349609375 0.028645833333333332 0.01904296875 0.020833333333333332
2 0.82958984375 0.08246527777777778 0.04541015625 0.03298611111111111
2 0.95654296875 0.03819444444444445 0.056640625 0.0685763888888889
2 0.91064453125 0.16927083333333334 0.01806640625 0.020833333333333332
2 0.42626953125 0.7942708333333334 0.0341796875 0.04861111111111111
2 0.9921875 0.07465277777777778 0.01513671875 0.0234375