2 0.802734375 0.4236111111111111 0.05419921875 0.07291666666666667
2 0.6240234375 0.5598958333333334 0.07275390625 0.0842013888888889
2 0.5244140625 0.6918402777777778 0.07373046875 0.06076388888888889
2 0.43505859375 0.6510416666666666 0.033203125 0.0703125
2 0.3740234375 0.8116319444444444 0.0126953125 0.016493055555555556
2 0.32177734375 0.9270833333333334 0.037109375 0.07552083333333333
2 0.29541015625 0.9348958333333334 0.02197265625 0.04513888888888889
2 0.2900390625 0.8871527777777778 0.01513671875 0.044270833333333336
2 0.21826171875 0.9140625 0.02392578125 0.03298611111111111
2 0.181640625 0.9765625 0.0146484375 0.012152777777777778
2 0.16650390625 0.9713541666666666 0.01904296875 0.020833333333333332
2 0.17041015625 0.9175347222222222 0.04541015625 0.03298611111111111
2 0.04345703125 0.9618055555555556 0.056640625 0.0685763888888889
2 0.08935546875 0.8307291666666666 0.01806640625 0.020833333333333332
2 0.57373046875 0.20572916666666666 0.0341796875 0.04861111111111111
2 0.0078125 0.9253472222222222 0.01513671875 0.0234375