2 0.83251953125 0.3940972222222222 0.0546875 0.07378472222222222
2 0.6533203125 0.5407986111111112 0.07568359375 0.08072916666666667
2 0.6015625 0.1831597222222222 0.03466796875 0.05381944444444445
2 0.5517578125 0.6762152777777778 0.072265625 0.06163194444444445
2 0.46044921875 0.6388888888888888 0.029296875 0.0703125
2 0.40380859375 0.7960069444444444 0.0126953125 0.013888888888888888
2 0.32275390625 0.8715277777777778 0.015625 0.04600694444444445
2 0.3564453125 0.9045138888888888 0.044921875 0.08333333333333333
2 0.32470703125 0.9192708333333334 0.021484375 0.0390625
2 0.365234375 0.9401041666666666 0.01171875 0.011284722222222222
2 0.25 0.9001736111111112 0.0224609375 0.03125
2 0.2158203125 0.9644097222222222 0.01416015625 0.013020833333333334
2 0.20068359375 0.9592013888888888 0.01708984375 0.020833333333333332
2 0.20556640625 0.9088541666666666 0.0478515625 0.03125
2 0.0791015625 0.9548611111111112 0.05419921875 0.06770833333333333
2 0.1142578125 0.9123263888888888 0.01806640625 0.011284722222222222
2 0.04833984375 0.9392361111111112 0.02783203125 0.029513888888888888
2 0.03173828125 0.921875 0.04541015625 0.026041666666666668
2 0.0185546875 0.8923611111111112 0.03662109375 0.04513888888888889
2 0.00634765625 0.9175347222222222 0.0126953125 0.030381944444444444
2 0.12451171875 0.8229166666666666 0.01806640625 0.016493055555555556