2 0.16748046875 0.6059027777777778 0.0546875 0.07378472222222222
2 0.3466796875 0.4592013888888889 0.07568359375 0.08072916666666667
2 0.3984375 0.8168402777777778 0.03466796875 0.05381944444444445
2 0.4482421875 0.3237847222222222 0.072265625 0.06163194444444445
2 0.53955078125 0.3611111111111111 0.029296875 0.0703125
2 0.59619140625 0.20399305555555555 0.0126953125 0.013888888888888888
2 0.67724609375 0.1284722222222222 0.015625 0.04600694444444445
2 0.6435546875 0.0954861111111111 0.044921875 0.08333333333333333
2 0.67529296875 0.08072916666666667 0.021484375 0.0390625
2 0.634765625 0.059895833333333336 0.01171875 0.011284722222222222
2 0.75 0.0998263888888889 0.0224609375 0.03125
2 0.7841796875 0.035590277777777776 0.01416015625 0.013020833333333334
2 0.79931640625 0.04079861111111111 0.01708984375 0.020833333333333332
2 0.79443359375 0.09114583333333333 0.0478515625 0.03125
2 0.9208984375 0.04513888888888889 0.05419921875 0.06770833333333333
2 0.8857421875 0.0876736111111111 0.01806640625 0.011284722222222222
2 0.95166015625 0.06076388888888889 0.02783203125 0.029513888888888888
2 0.96826171875 0.078125 0.04541015625 0.026041666666666668
2 0.9814453125 0.1076388888888889 0.03662109375 0.04513888888888889
2 0.99365234375 0.08246527777777778 0.0126953125 0.030381944444444444
2 0.87548828125 0.17708333333333334 0.01806640625 0.016493055555555556