2 0.48974609375 0.8168402777777778 0.0498046875 0.1328125
2 0.412109375 0.6380208333333334 0.03662109375 0.1284722222222222
2 0.43115234375 0.4713541666666667 0.04052734375 0.04600694444444445
2 0.341796875 0.3776041666666667 0.00830078125 0.025173611111111112
2 0.27685546875 0.2960069444444444 0.04052734375 0.0720486111111111
2 0.27294921875 0.24479166666666666 0.0244140625 0.035590277777777776
2 0.29833984375 0.23958333333333334 0.025390625 0.026909722222222224
2 0.2490234375 0.1701388888888889 0.00927734375 0.020833333333333332
2 0.2822265625 0.11631944444444445 0.01708984375 0.035590277777777776
2 0.24658203125 0.05642361111111111 0.00634765625 0.024305555555555556
2 0.24951171875 0.029513888888888888 0.01025390625 0.03125
2 0.278564453125 0.03602430555555555 0.01806640625 0.0720486111111111
2 0.68994140625 0.7274305555555556 0.02490234375 0.06076388888888889