2 0.1376953125 0.6397569444444444 0.05517578125 0.07725694444444445
2 0.32177734375 0.4817708333333333 0.07470703125 0.08854166666666667
2 0.42236328125 0.34375 0.072265625 0.06510416666666667
2 0.51611328125 0.3776041666666667 0.02587890625 0.0720486111111111
2 0.56884765625 0.21875 0.01416015625 0.014756944444444444
2 0.61474609375 0.1032986111111111 0.04052734375 0.0720486111111111
2 0.6435546875 0.09635416666666667 0.02001953125 0.043402777777777776
2 0.646484375 0.14149305555555555 0.01513671875 0.04513888888888889
2 0.685546875 0.05381944444444445 0.01171875 0.016493055555555556
2 0.7158203125 0.11284722222222222 0.02001953125 0.030381944444444444
2 0.74951171875 0.049479166666666664 0.013671875 0.011284722222222222
2 0.7646484375 0.0546875 0.017578125 0.018229166666666668
2 0.76171875 0.10677083333333333 0.0419921875 0.03211805555555555
2 0.84130859375 0.19010416666666666 0.01708984375 0.015625
2 0.85009765625 0.10069444444444445 0.017578125 0.009548611111111112
2 0.884765625 0.057291666666666664 0.0517578125 0.06770833333333333
2 0.93017578125 0.09114583333333333 0.04345703125 0.024305555555555556
2 0.9501953125 0.1232638888888889 0.05126953125 0.043402777777777776
2 0.96435546875 0.09722222222222222 0.03076171875 0.03125
2 0.97998046875 0.08072916666666667 0.03955078125 0.05381944444444445
2 0.3720703125 0.8376736111111112 0.0341796875 0.044270833333333336