2 0.54296875 0.11631944444444445 0.0419921875 0.13802083333333334
2 0.53271484375 0.3081597222222222 0.03955078125 0.05381944444444445
2 0.625 0.3663194444444444 0.00830078125 0.024305555555555556
2 0.65966796875 0.8185763888888888 0.01025390625 0.027777777777777776
2 0.7353515625 0.8854166666666666 0.03662109375 0.08940972222222222
2 0.69140625 0.6067708333333334 0.02099609375 0.03993055555555555
2 0.6728515625 0.4861111111111111 0.021484375 0.03125
2 0.69677734375 0.4444444444444444 0.03271484375 0.05381944444444445
2 0.6982421875 0.4869791666666667 0.02099609375 0.033854166666666664
2 0.69873046875 0.6840277777777778 0.021484375 0.0703125
2 0.72607421875 0.6814236111111112 0.01025390625 0.03125
2 0.72705078125 0.6588541666666666 0.00732421875 0.022569444444444444
2 0.7021484375 0.9661458333333334 0.02294921875 0.06770833333333333
2 0.71826171875 0.9565972222222222 0.01318359375 0.06684027777777778
2 0.73046875 0.9930555555555556 0.0234375 0.013888888888888888
2 0.7470703125 0.4592013888888889 0.00927734375 0.025173611111111112
2 0.2431640625 0.03732638888888889 0.03076171875 0.06944444444444445