2 0.17626953125 0.5954861111111112 0.08740234375 0.09809027777777778
2 0.2841796875 0.4236111111111111 0.07763671875 0.07465277777777778
2 0.39208984375 0.4418402777777778 0.0302734375 0.0703125
2 0.4248046875 0.2777777777777778 0.013671875 0.014756944444444444
2 0.67919921875 0.21614583333333334 0.015625 0.018229166666666668
2 0.716796875 0.08159722222222222 0.05029296875 0.06510416666666667
2 0.56005859375 0.1597222222222222 0.0224609375 0.03732638888888889
2 0.4921875 0.19270833333333334 0.017578125 0.03819444444444445
2 0.46875 0.1501736111111111 0.0302734375 0.058159722222222224
2 0.49267578125 0.14756944444444445 0.01904296875 0.03732638888888889
2 0.603515625 0.1467013888888889 0.03955078125 0.03819444444444445
2 0.60205078125 0.09809027777777778 0.017578125 0.018229166666666668
2 0.58935546875 0.09635416666666667 0.0126953125 0.013020833333333334
2 0.76220703125 0.140625 0.0380859375 0.04079861111111111
2 0.7568359375 0.11197916666666667 0.03759765625 0.0234375
2 0.79248046875 0.09027777777777778 0.0380859375 0.041666666666666664
2 0.7900390625 0.11458333333333333 0.02734375 0.029513888888888888
2 0.8544921875 0.109375 0.02490234375 0.0234375
2 0.91455078125 0.05381944444444445 0.04150390625 0.027777777777777776
2 0.47705078125 0.06076388888888889 0.01416015625 0.016493055555555556
2 0.23974609375 0.9565972222222222 0.0390625 0.0546875