2 0.14453125 0.6197916666666666 0.09228515625 0.1015625
2 0.12939453125 0.7638888888888888 0.02783203125 0.04600694444444445
2 0.2109375 0.9774305555555556 0.04150390625 0.044270833333333336
2 0.25634765625 0.4392361111111111 0.0771484375 0.078125
2 0.37255859375 0.4479166666666667 0.03857421875 0.0642361111111111
2 0.4619140625 0.1996527777777778 0.0146484375 0.041666666666666664
2 0.43701171875 0.15711805555555555 0.033203125 0.058159722222222224
2 0.46142578125 0.15625 0.021484375 0.04079861111111111
2 0.53076171875 0.16666666666666666 0.01904296875 0.028645833333333332
2 0.55810546875 0.10416666666666667 0.01220703125 0.008680555555555556
2 0.5712890625 0.10677083333333333 0.01611328125 0.016493055555555556
2 0.57275390625 0.1519097222222222 0.03759765625 0.036458333333333336
2 0.65185546875 0.1328125 0.0146484375 0.010416666666666666
2 0.64990234375 0.21788194444444445 0.0146484375 0.013888888888888888
2 0.68603515625 0.0859375 0.0458984375 0.0642361111111111
2 0.724609375 0.1171875 0.03564453125 0.022569444444444444
2 0.73486328125 0.14322916666666666 0.046875 0.0390625
2 0.75732421875 0.0954861111111111 0.03515625 0.041666666666666664
2 0.75830078125 0.11979166666666667 0.0263671875 0.028645833333333332
2 0.82275390625 0.15364583333333334 0.03369140625 0.017361111111111112
2 0.80322265625 0.0703125 0.01123046875 0.014756944444444444
2 0.8193359375 0.11284722222222222 0.0224609375 0.021701388888888888
2 0.8681640625 0.052083333333333336 0.02294921875 0.019097222222222224
2 0.96875 0.043402777777777776 0.037109375 0.029513888888888888