2 0.85546875 0.3802083333333333 0.09228515625 0.1015625
2 0.87060546875 0.2361111111111111 0.02783203125 0.04600694444444445
2 0.7890625 0.022569444444444444 0.04150390625 0.044270833333333336
2 0.74365234375 0.5607638888888888 0.0771484375 0.078125
2 0.62744140625 0.5520833333333334 0.03857421875 0.0642361111111111
2 0.5380859375 0.8003472222222222 0.0146484375 0.041666666666666664
2 0.56298828125 0.8428819444444444 0.033203125 0.058159722222222224
2 0.53857421875 0.84375 0.021484375 0.04079861111111111
2 0.46923828125 0.8333333333333334 0.01904296875 0.028645833333333332
2 0.44189453125 0.8958333333333334 0.01220703125 0.008680555555555556
2 0.4287109375 0.8932291666666666 0.01611328125 0.016493055555555556
2 0.42724609375 0.8480902777777778 0.03759765625 0.036458333333333336
2 0.34814453125 0.8671875 0.0146484375 0.010416666666666666
2 0.35009765625 0.7821180555555556 0.0146484375 0.013888888888888888
2 0.31396484375 0.9140625 0.0458984375 0.0642361111111111
2 0.275390625 0.8828125 0.03564453125 0.022569444444444444
2 0.26513671875 0.8567708333333334 0.046875 0.0390625
2 0.24267578125 0.9045138888888888 0.03515625 0.041666666666666664
2 0.24169921875 0.8802083333333334 0.0263671875 0.028645833333333332
2 0.17724609375 0.8463541666666666 0.03369140625 0.017361111111111112
2 0.19677734375 0.9296875 0.01123046875 0.014756944444444444
2 0.1806640625 0.8871527777777778 0.0224609375 0.021701388888888888
2 0.1318359375 0.9479166666666666 0.02294921875 0.019097222222222224
2 0.03125 0.9565972222222222 0.037109375 0.029513888888888888