2 0.69580078125 0.5104166666666666 0.05126953125 0.04079861111111111
2 0.68603515625 0.6710069444444444 0.01318359375 0.016493055555555556
2 0.8330078125 0.5069444444444444 0.083984375 0.07899305555555555
2 0.95263671875 0.2916666666666667 0.09375 0.11197916666666667
2 0.62255859375 0.7586805555555556 0.01611328125 0.044270833333333336
2 0.64453125 0.8020833333333334 0.0283203125 0.05555555555555555
2 0.62158203125 0.8055555555555556 0.01904296875 0.033854166666666664
2 0.5517578125 0.7986111111111112 0.02001953125 0.029513888888888888
2 0.525390625 0.8619791666666666 0.01220703125 0.012152777777777778
2 0.51220703125 0.859375 0.015625 0.015625
2 0.50927734375 0.8142361111111112 0.03466796875 0.036458333333333336
2 0.43212890625 0.8359375 0.01318359375 0.012152777777777778
2 0.431640625 0.7482638888888888 0.0146484375 0.015625
2 0.39697265625 0.8854166666666666 0.04345703125 0.0642361111111111
2 0.3603515625 0.8541666666666666 0.03466796875 0.020833333333333332
2 0.35205078125 0.828125 0.04541015625 0.03732638888888889
2 0.33349609375 0.875 0.03125 0.043402777777777776
2 0.32666015625 0.8498263888888888 0.02490234375 0.029513888888888888
2 0.27587890625 0.8628472222222222 0.02001953125 0.020833333333333332
2 0.26953125 0.8211805555555556 0.03125 0.014756944444444444
2 0.2314453125 0.9244791666666666 0.02001953125 0.019965277777777776
2 0.14111328125 0.9322916666666666 0.0322265625 0.033854166666666664
2 0.08740234375 0.9244791666666666 0.03125 0.05642361111111111
2 0.0634765625 0.8489583333333334 0.01171875 0.026041666666666668
2 0.05322265625 0.8506944444444444 0.01416015625 0.03211805555555555
2 0.9755859375 0.1388888888888889 0.02880859375 0.04079861111111111