2 0.30419921875 0.4895833333333333 0.05126953125 0.04079861111111111
2 0.31396484375 0.3289930555555556 0.01318359375 0.016493055555555556
2 0.1669921875 0.4930555555555556 0.083984375 0.07899305555555555
2 0.04736328125 0.7083333333333334 0.09375 0.11197916666666667
2 0.37744140625 0.24131944444444445 0.01611328125 0.044270833333333336
2 0.35546875 0.19791666666666666 0.0283203125 0.05555555555555555
2 0.37841796875 0.19444444444444445 0.01904296875 0.033854166666666664
2 0.4482421875 0.2013888888888889 0.02001953125 0.029513888888888888
2 0.474609375 0.13802083333333334 0.01220703125 0.012152777777777778
2 0.48779296875 0.140625 0.015625 0.015625
2 0.49072265625 0.1857638888888889 0.03466796875 0.036458333333333336
2 0.56787109375 0.1640625 0.01318359375 0.012152777777777778
2 0.568359375 0.2517361111111111 0.0146484375 0.015625
2 0.60302734375 0.11458333333333333 0.04345703125 0.0642361111111111
2 0.6396484375 0.14583333333333334 0.03466796875 0.020833333333333332
2 0.64794921875 0.171875 0.04541015625 0.03732638888888889
2 0.66650390625 0.125 0.03125 0.043402777777777776
2 0.67333984375 0.1501736111111111 0.02490234375 0.029513888888888888
2 0.72412109375 0.1371527777777778 0.02001953125 0.020833333333333332
2 0.73046875 0.17881944444444445 0.03125 0.014756944444444444
2 0.7685546875 0.07552083333333333 0.02001953125 0.019965277777777776
2 0.85888671875 0.06770833333333333 0.0322265625 0.033854166666666664
2 0.91259765625 0.07552083333333333 0.03125 0.05642361111111111
2 0.9365234375 0.15104166666666666 0.01171875 0.026041666666666668
2 0.94677734375 0.14930555555555555 0.01416015625 0.03211805555555555
2 0.0244140625 0.8611111111111112 0.02880859375 0.04079861111111111