2 0.494140625 0.8480902777777778 0.02294921875 0.09114583333333333
2 0.40380859375 0.8307291666666666 0.00927734375 0.0234375
2 0.3544921875 0.7178819444444444 0.02490234375 0.028645833333333332
2 0.330078125 0.7569444444444444 0.03125 0.050347222222222224
2 0.328125 0.7161458333333334 0.01904296875 0.033854166666666664
2 0.33203125 0.5920138888888888 0.0166015625 0.035590277777777776
2 0.29638671875 0.5451388888888888 0.0068359375 0.021701388888888888
2 0.2978515625 0.5217013888888888 0.0087890625 0.027777777777777776
2 0.3232421875 0.5164930555555556 0.0205078125 0.06163194444444445
2 0.31103515625 0.3793402777777778 0.0068359375 0.0234375
2 0.3603515625 0.3784722222222222 0.0087890625 0.026041666666666668
2 0.283203125 0.3168402777777778 0.0361328125 0.07725694444444445
2 0.30078125 0.2517361111111111 0.01171875 0.06163194444444445
2 0.3154296875 0.23697916666666666 0.02099609375 0.08072916666666667
2 0.2890625 0.20399305555555555 0.0244140625 0.05555555555555555
2 0.30322265625 0.1918402777777778 0.0166015625 0.044270833333333336
2 0.2958984375 0.1015625 0.01171875 0.035590277777777776
2 0.3193359375 0.09027777777777778 0.00830078125 0.05555555555555555
2 0.26123046875 0.022569444444444444 0.01123046875 0.035590277777777776