2 0.04345703125 0.5572916666666666 0.01611328125 0.019965277777777776
2 0.1103515625 0.4565972222222222 0.02099609375 0.04513888888888889
2 0.09228515625 0.4071180555555556 0.033203125 0.0685763888888889
2 0.11767578125 0.4071180555555556 0.02392578125 0.041666666666666664
2 0.06005859375 0.28125 0.0244140625 0.03819444444444445
2 0.03515625 0.2378472222222222 0.02734375 0.017361111111111112
2 0.04833984375 0.2543402777777778 0.0166015625 0.026041666666666668
2 0.09521484375 0.3194444444444444 0.0166015625 0.017361111111111112
2 0.15673828125 0.3567708333333333 0.01708984375 0.013020833333333334
2 0.18408203125 0.3515625 0.033203125 0.019965277777777776
2 0.205078125 0.4027777777777778 0.02294921875 0.03211805555555555
2 0.25048828125 0.3307291666666667 0.0166015625 0.015625
2 0.23486328125 0.3298611111111111 0.013671875 0.012152777777777778
2 0.25390625 0.3723958333333333 0.03662109375 0.044270833333333336
2 0.33935546875 0.3368055555555556 0.01318359375 0.013020833333333334
2 0.345703125 0.4288194444444444 0.013671875 0.015625
2 0.47216796875 0.4826388888888889 0.0126953125 0.016493055555555556
2 0.49609375 0.3324652777777778 0.02734375 0.015625
2 0.484375 0.2942708333333333 0.017578125 0.020833333333333332
2 0.455078125 0.3185763888888889 0.02392578125 0.030381944444444444
2 0.3828125 0.28125 0.04296875 0.06163194444444445
2 0.4306640625 0.2890625 0.0302734375 0.044270833333333336
2 0.41796875 0.3151041666666667 0.0322265625 0.024305555555555556
2 0.41943359375 0.3368055555555556 0.04296875 0.0390625
2 0.59765625 0.22916666666666666 0.0146484375 0.019097222222222224
2 0.650390625 0.24739583333333334 0.02197265625 0.04079861111111111
2 0.6787109375 0.2907986111111111 0.0244140625 0.030381944444444444
2 0.67236328125 0.2960069444444444 0.015625 0.021701388888888888
2 0.5244140625 0.2361111111111111 0.017578125 0.015625
2 0.0634765625 0.7604166666666666 0.0703125 0.057291666666666664