2 0.95654296875 0.4427083333333333 0.01611328125 0.019965277777777776
2 0.8896484375 0.5434027777777778 0.02099609375 0.04513888888888889
2 0.90771484375 0.5928819444444444 0.033203125 0.0685763888888889
2 0.88232421875 0.5928819444444444 0.02392578125 0.041666666666666664
2 0.93994140625 0.71875 0.0244140625 0.03819444444444445
2 0.96484375 0.7621527777777778 0.02734375 0.017361111111111112
2 0.95166015625 0.7456597222222222 0.0166015625 0.026041666666666668
2 0.90478515625 0.6805555555555556 0.0166015625 0.017361111111111112
2 0.84326171875 0.6432291666666666 0.01708984375 0.013020833333333334
2 0.81591796875 0.6484375 0.033203125 0.019965277777777776
2 0.794921875 0.5972222222222222 0.02294921875 0.03211805555555555
2 0.74951171875 0.6692708333333334 0.0166015625 0.015625
2 0.76513671875 0.6701388888888888 0.013671875 0.012152777777777778
2 0.74609375 0.6276041666666666 0.03662109375 0.044270833333333336
2 0.66064453125 0.6631944444444444 0.01318359375 0.013020833333333334
2 0.654296875 0.5711805555555556 0.013671875 0.015625
2 0.52783203125 0.5173611111111112 0.0126953125 0.016493055555555556
2 0.50390625 0.6675347222222222 0.02734375 0.015625
2 0.515625 0.7057291666666666 0.017578125 0.020833333333333332
2 0.544921875 0.6814236111111112 0.02392578125 0.030381944444444444
2 0.6171875 0.71875 0.04296875 0.06163194444444445
2 0.5693359375 0.7109375 0.0302734375 0.044270833333333336
2 0.58203125 0.6848958333333334 0.0322265625 0.024305555555555556
2 0.58056640625 0.6631944444444444 0.04296875 0.0390625
2 0.40234375 0.7708333333333334 0.0146484375 0.019097222222222224
2 0.349609375 0.7526041666666666 0.02197265625 0.04079861111111111
2 0.3212890625 0.7092013888888888 0.0244140625 0.030381944444444444
2 0.32763671875 0.7039930555555556 0.015625 0.021701388888888888
2 0.4755859375 0.7638888888888888 0.017578125 0.015625
2 0.9365234375 0.23958333333333334 0.0703125 0.057291666666666664