2 0.96484375 0.7161458333333334 0.02490234375 0.03819444444444445
2 0.9755859375 0.7430555555555556 0.0185546875 0.024305555555555556
2 0.98681640625 0.7604166666666666 0.0263671875 0.020833333333333332
2 0.9287109375 0.6762152777777778 0.017578125 0.018229166666666668
2 0.9326171875 0.5876736111111112 0.03564453125 0.0642361111111111
2 0.9052734375 0.5850694444444444 0.02294921875 0.041666666666666664
2 0.91357421875 0.5364583333333334 0.02099609375 0.03732638888888889
2 0.98193359375 0.4296875 0.0185546875 0.019097222222222224
2 0.9609375 0.2265625 0.072265625 0.059895833333333336
2 0.814453125 0.59375 0.0205078125 0.03125
2 0.86572265625 0.6371527777777778 0.0166015625 0.013888888888888888
2 0.78564453125 0.6675347222222222 0.013671875 0.008680555555555556
2 0.7705078125 0.6666666666666666 0.017578125 0.013888888888888888
2 0.76611328125 0.6258680555555556 0.03564453125 0.043402777777777776
2 0.67333984375 0.5703125 0.01416015625 0.015625
2 0.67919921875 0.6614583333333334 0.0126953125 0.011284722222222222
2 0.59814453125 0.6623263888888888 0.0419921875 0.03819444444444445
2 0.599609375 0.6848958333333334 0.03173828125 0.019097222222222224
2 0.634765625 0.71875 0.04248046875 0.059027777777777776
2 0.587890625 0.7118055555555556 0.02880859375 0.03993055555555555
2 0.56298828125 0.6848958333333334 0.0234375 0.026041666666666668
2 0.52294921875 0.6684027777777778 0.02734375 0.013020833333333334
2 0.53466796875 0.7057291666666666 0.0166015625 0.017361111111111112
2 0.494140625 0.765625 0.0185546875 0.016493055555555556
2 0.42138671875 0.7708333333333334 0.0107421875 0.017361111111111112
2 0.3681640625 0.7517361111111112 0.02001953125 0.04079861111111111
2 0.3408203125 0.7100694444444444 0.0244140625 0.028645833333333332
2 0.34619140625 0.7022569444444444 0.015625 0.021701388888888888