2 0.03515625 0.2838541666666667 0.02490234375 0.03819444444444445
2 0.0244140625 0.2569444444444444 0.0185546875 0.024305555555555556
2 0.01318359375 0.23958333333333334 0.0263671875 0.020833333333333332
2 0.0712890625 0.3237847222222222 0.017578125 0.018229166666666668
2 0.0673828125 0.4123263888888889 0.03564453125 0.0642361111111111
2 0.0947265625 0.4149305555555556 0.02294921875 0.041666666666666664
2 0.08642578125 0.4635416666666667 0.02099609375 0.03732638888888889
2 0.01806640625 0.5703125 0.0185546875 0.019097222222222224
2 0.0390625 0.7734375 0.072265625 0.059895833333333336
2 0.185546875 0.40625 0.0205078125 0.03125
2 0.13427734375 0.3628472222222222 0.0166015625 0.013888888888888888
2 0.21435546875 0.3324652777777778 0.013671875 0.008680555555555556
2 0.2294921875 0.3333333333333333 0.017578125 0.013888888888888888
2 0.23388671875 0.3741319444444444 0.03564453125 0.043402777777777776
2 0.32666015625 0.4296875 0.01416015625 0.015625
2 0.32080078125 0.3385416666666667 0.0126953125 0.011284722222222222
2 0.40185546875 0.3376736111111111 0.0419921875 0.03819444444444445
2 0.400390625 0.3151041666666667 0.03173828125 0.019097222222222224
2 0.365234375 0.28125 0.04248046875 0.059027777777777776
2 0.412109375 0.2881944444444444 0.02880859375 0.03993055555555555
2 0.43701171875 0.3151041666666667 0.0234375 0.026041666666666668
2 0.47705078125 0.3315972222222222 0.02734375 0.013020833333333334
2 0.46533203125 0.2942708333333333 0.0166015625 0.017361111111111112
2 0.505859375 0.234375 0.0185546875 0.016493055555555556
2 0.57861328125 0.22916666666666666 0.0107421875 0.017361111111111112
2 0.6318359375 0.2482638888888889 0.02001953125 0.04079861111111111
2 0.6591796875 0.2899305555555556 0.0244140625 0.028645833333333332
2 0.65380859375 0.2977430555555556 0.015625 0.021701388888888888