2 0.50390625 0.2751736111111111 0.01318359375 0.019097222222222224
2 0.568359375 0.3090277777777778 0.021484375 0.046875
2 0.58447265625 0.3342013888888889 0.02978515625 0.024305555555555556
2 0.5810546875 0.3420138888888889 0.01806640625 0.014756944444444444
2 0.435546875 0.2864583333333333 0.017578125 0.014756944444444444
2 0.408203125 0.3854166666666667 0.02783203125 0.014756944444444444
2 0.39453125 0.3515625 0.01513671875 0.019097222222222224
2 0.373046875 0.375 0.0234375 0.025173611111111112
2 0.34033203125 0.3498263888888889 0.02783203125 0.03732638888888889
2 0.330078125 0.4045138888888889 0.04443359375 0.035590277777777776
2 0.33251953125 0.3758680555555556 0.03271484375 0.018229166666666668
2 0.29541015625 0.3446180555555556 0.0419921875 0.0642361111111111
2 0.24658203125 0.4097222222222222 0.01416015625 0.013888888888888888
2 0.25439453125 0.5052083333333334 0.0146484375 0.016493055555555556
2 0.1455078125 0.4166666666666667 0.0185546875 0.016493055555555556
2 0.1279296875 0.4166666666666667 0.01513671875 0.010416666666666666
2 0.1494140625 0.4565972222222222 0.03857421875 0.050347222222222224
2 0.095703125 0.4965277777777778 0.02587890625 0.033854166666666664
2 0.03857421875 0.4574652777777778 0.01904296875 0.018229166666666668
2 0.005859375 0.5147569444444444 0.01171875 0.046875