2 0.49609375 0.7248263888888888 0.01318359375 0.019097222222222224
2 0.431640625 0.6909722222222222 0.021484375 0.046875
2 0.41552734375 0.6657986111111112 0.02978515625 0.024305555555555556
2 0.4189453125 0.6579861111111112 0.01806640625 0.014756944444444444
2 0.564453125 0.7135416666666666 0.017578125 0.014756944444444444
2 0.591796875 0.6145833333333334 0.02783203125 0.014756944444444444
2 0.60546875 0.6484375 0.01513671875 0.019097222222222224
2 0.626953125 0.625 0.0234375 0.025173611111111112
2 0.65966796875 0.6501736111111112 0.02783203125 0.03732638888888889
2 0.669921875 0.5954861111111112 0.04443359375 0.035590277777777776
2 0.66748046875 0.6241319444444444 0.03271484375 0.018229166666666668
2 0.70458984375 0.6553819444444444 0.0419921875 0.0642361111111111
2 0.75341796875 0.5902777777777778 0.01416015625 0.013888888888888888
2 0.74560546875 0.4947916666666667 0.0146484375 0.016493055555555556
2 0.8544921875 0.5833333333333334 0.0185546875 0.016493055555555556
2 0.8720703125 0.5833333333333334 0.01513671875 0.010416666666666666
2 0.8505859375 0.5434027777777778 0.03857421875 0.050347222222222224
2 0.904296875 0.5034722222222222 0.02587890625 0.033854166666666664
2 0.96142578125 0.5425347222222222 0.01904296875 0.018229166666666668
2 0.994140625 0.4852430555555556 0.01171875 0.046875