2 0.37353515625 0.4930555555555556 0.0107421875 0.0234375
2 0.392578125 0.3784722222222222 0.0263671875 0.03819444444444445
2 0.40673828125 0.3498263888888889 0.013671875 0.05295138888888889
2 0.4111328125 0.3559027777777778 0.00830078125 0.03211805555555555
2 0.3798828125 0.6145833333333334 0.00830078125 0.03125
2 0.435546875 0.6631944444444444 0.00830078125 0.049479166666666664
2 0.41650390625 0.6875 0.0107421875 0.026909722222222224
2 0.4296875 0.7256944444444444 0.01416015625 0.041666666666666664
2 0.41552734375 0.7838541666666666 0.02099609375 0.049479166666666664
2 0.4462890625 0.8020833333333334 0.02001953125 0.07899305555555555
2 0.43017578125 0.7977430555555556 0.01025390625 0.058159722222222224
2 0.41259765625 0.8637152777777778 0.0361328125 0.07465277777777778
2 0.44921875 0.9505208333333334 0.0078125 0.025173611111111112
2 0.5029296875 0.9366319444444444 0.00927734375 0.026041666666666668