2 0.13330078125 0.5373263888888888 0.01708984375 0.0234375
2 0.1201171875 0.4322916666666667 0.0146484375 0.017361111111111112
2 0.01416015625 0.4991319444444444 0.02685546875 0.050347222222222224
2 0.005859375 0.4618055555555556 0.01171875 0.016493055555555556
2 0.16845703125 0.3498263888888889 0.0400390625 0.0703125
2 0.22021484375 0.3506944444444444 0.0322265625 0.0390625
2 0.2197265625 0.3784722222222222 0.037109375 0.0234375
2 0.21240234375 0.4114583333333333 0.05126953125 0.044270833333333336
2 0.29541015625 0.3802083333333333 0.029296875 0.019097222222222224
2 0.2646484375 0.3689236111111111 0.02734375 0.030381944444444444
2 0.27587890625 0.3463541666666667 0.015625 0.022569444444444444
2 0.26611328125 0.3151041666666667 0.01025390625 0.018229166666666668
2 0.31787109375 0.2682291666666667 0.01953125 0.017361111111111112
2 0.388671875 0.2569444444444444 0.0146484375 0.019965277777777776
2 0.4638671875 0.3046875 0.0224609375 0.041666666666666664
2 0.47265625 0.3211805555555556 0.03076171875 0.020833333333333332
2 0.47509765625 0.3315972222222222 0.02001953125 0.016493055555555556