2 0.415771484375 0.984375 0.02197265625 0.03125
2 0.431396484375 0.9826388888888888 0.01318359375 0.034722222222222224
2 0.449951171875 0.9826388888888888 0.02490234375 0.034722222222222224
2 0.4326171875 0.8637152777777778 0.0107421875 0.052083333333333336
2 0.42626953125 0.9184027777777778 0.01708984375 0.04861111111111111
2 0.41357421875 0.8984375 0.0126953125 0.027777777777777776
2 0.39599609375 0.9157986111111112 0.01025390625 0.018229166666666668
2 0.36962890625 0.8237847222222222 0.009765625 0.034722222222222224
2 0.36328125 0.6979166666666666 0.01123046875 0.026041666666666668
2 0.39013671875 0.5642361111111112 0.0234375 0.03993055555555555
2 0.3994140625 0.5486111111111112 0.01171875 0.0546875
2 0.4052734375 0.5442708333333334 0.00927734375 0.035590277777777776