2 0.03173828125 0.4340277777777778 0.04248046875 0.07291666666666667
2 0.087890625 0.4305555555555556 0.03564453125 0.049479166666666664
2 0.0986328125 0.4487847222222222 0.0390625 0.0234375
2 0.0771484375 0.4930555555555556 0.05517578125 0.05381944444444445
2 0.13818359375 0.3819444444444444 0.01123046875 0.016493055555555556
2 0.1484375 0.4140625 0.015625 0.0234375
2 0.1484375 0.4322916666666667 0.0283203125 0.026909722222222224
2 0.1943359375 0.3263888888888889 0.02001953125 0.016493055555555556
2 0.271484375 0.3107638888888889 0.015625 0.019097222222222224
2 0.34228515625 0.3784722222222222 0.02392578125 0.04774305555555555
2 0.3681640625 0.3845486111111111 0.025390625 0.034722222222222224
2 0.3740234375 0.3923611111111111 0.01708984375 0.022569444444444444
2 0.89111328125 0.2960069444444444 0.0126953125 0.027777777777777776
2 0.8916015625 0.3315972222222222 0.02587890625 0.036458333333333336
2 0.9150390625 0.2951388888888889 0.02490234375 0.035590277777777776
2 0.1630859375 0.6293402777777778 0.01416015625 0.020833333333333332