2 0.3994140625 0.5225694444444444 0.03466796875 0.019965277777777776
2 0.39892578125 0.5355902777777778 0.021484375 0.014756944444444444
2 0.31787109375 0.5355902777777778 0.02587890625 0.046875
2 0.2568359375 0.390625 0.0107421875 0.019097222222222224
2 0.142578125 0.4809027777777778 0.02587890625 0.03211805555555555
2 0.03076171875 0.5017361111111112 0.05224609375 0.06684027777777778
2 0.0771484375 0.4982638888888889 0.03369140625 0.04600694444444445
2 0.091796875 0.5052083333333334 0.03125 0.043402777777777776
2 0.12841796875 0.4835069444444444 0.0126953125 0.021701388888888888
2 0.17919921875 0.3836805555555556 0.02099609375 0.018229166666666668
2 0.060546875 0.5685763888888888 0.05712890625 0.05642361111111111