2 0.93115234375 0.5772569444444444 0.044921875 0.12065972222222222
2 0.92236328125 0.5486111111111112 0.0234375 0.052083333333333336
2 0.927734375 0.4123263888888889 0.025390625 0.034722222222222224
2 0.8916015625 0.6215277777777778 0.03125 0.051215277777777776
2 0.70654296875 0.6493055555555556 0.03466796875 0.0703125
2 0.68896484375 0.6440972222222222 0.05029296875 0.09722222222222222
2 0.6923828125 0.578125 0.03271484375 0.04774305555555555
2 0.650390625 0.5963541666666666 0.05615234375 0.0390625
2 0.36279296875 0.6536458333333334 0.0712890625 0.0546875
2 0.265625 0.7934027777777778 0.02783203125 0.04079861111111111
2 0.2216796875 0.7508680555555556 0.029296875 0.043402777777777776
2 0.30615234375 0.7977430555555556 0.0595703125 0.0842013888888889
2 0.2919921875 0.7309027777777778 0.04248046875 0.06163194444444445
2 0.26318359375 0.734375 0.01806640625 0.057291666666666664
2 0.24462890625 0.7291666666666666 0.02587890625 0.028645833333333332
2 0.52880859375 0.14930555555555555 0.0546875 0.09895833333333333
2 0.11279296875 0.6336805555555556 0.0244140625 0.034722222222222224