2 0.06884765625 0.4227430555555556 0.044921875 0.12065972222222222
2 0.07763671875 0.4513888888888889 0.0234375 0.052083333333333336
2 0.072265625 0.5876736111111112 0.025390625 0.034722222222222224
2 0.1083984375 0.3784722222222222 0.03125 0.051215277777777776
2 0.29345703125 0.3506944444444444 0.03466796875 0.0703125
2 0.31103515625 0.3559027777777778 0.05029296875 0.09722222222222222
2 0.3076171875 0.421875 0.03271484375 0.04774305555555555
2 0.349609375 0.4036458333333333 0.05615234375 0.0390625
2 0.63720703125 0.3463541666666667 0.0712890625 0.0546875
2 0.734375 0.2065972222222222 0.02783203125 0.04079861111111111
2 0.7783203125 0.24913194444444445 0.029296875 0.043402777777777776
2 0.69384765625 0.20225694444444445 0.0595703125 0.0842013888888889
2 0.7080078125 0.2690972222222222 0.04248046875 0.06163194444444445
2 0.73681640625 0.265625 0.01806640625 0.057291666666666664
2 0.75537109375 0.2708333333333333 0.02587890625 0.028645833333333332
2 0.47119140625 0.8506944444444444 0.0546875 0.09895833333333333
2 0.88720703125 0.3663194444444444 0.0244140625 0.034722222222222224