2 0.583984375 0.1328125 0.03955078125 0.06163194444444445
2 0.5810546875 0.1640625 0.0546875 0.08940972222222222
2 0.5439453125 0.1579861111111111 0.02685546875 0.058159722222222224
2 0.55419921875 0.2326388888888889 0.02197265625 0.0998263888888889
2 0.58642578125 0.7439236111111112 0.03076171875 0.1267361111111111
2 0.6650390625 0.9166666666666666 0.02294921875 0.049479166666666664
2 0.64111328125 0.984375 0.0244140625 0.03125
2 0.66748046875 0.8446180555555556 0.04736328125 0.10590277777777778
2 0.6298828125 0.8697916666666666 0.03466796875 0.07552083333333333
2 0.6318359375 0.9210069444444444 0.0322265625 0.03211805555555555
2 0.62890625 0.9539930555555556 0.01611328125 0.04600694444444445
2 0.302734375 0.4487847222222222 0.0556640625 0.09722222222222222