2 0.5419921875 0.1345486111111111 0.0595703125 0.1076388888888889
2 0.6513671875 0.59375 0.03515625 0.051215277777777776
2 0.65625 0.6657986111111112 0.02490234375 0.06597222222222222
2 0.63623046875 0.6666666666666666 0.03173828125 0.09722222222222222
2 0.609375 0.6085069444444444 0.056640625 0.034722222222222224
2 0.32177734375 0.6623263888888888 0.07275390625 0.05555555555555555
2 0.25244140625 0.8142361111111112 0.06103515625 0.08333333333333333
2 0.2099609375 0.8029513888888888 0.03125 0.042534722222222224
2 0.24365234375 0.7395833333333334 0.04541015625 0.0625
2 0.21240234375 0.7421875 0.02294921875 0.0546875
2 0.19921875 0.6762152777777778 0.04345703125 0.021701388888888888
2 0.193359375 0.7352430555555556 0.02685546875 0.030381944444444444
2 0.1669921875 0.7586805555555556 0.03466796875 0.03993055555555555
2 0.13427734375 0.8420138888888888 0.04052734375 0.026909722222222224
2 0.0634765625 0.6197916666666666 0.02001953125 0.03732638888888889
2 0.8896484375 0.59375 0.048828125 0.12152777777777778
2 0.85107421875 0.6519097222222222 0.03076171875 0.04774305555555555
2 0.8779296875 0.5720486111111112 0.0224609375 0.052083333333333336
2 0.87939453125 0.4513888888888889 0.02783203125 0.042534722222222224
2 0.8505859375 0.5616319444444444 0.01806640625 0.027777777777777776