2 0.4580078125 0.8654513888888888 0.0595703125 0.1076388888888889
2 0.3486328125 0.40625 0.03515625 0.051215277777777776
2 0.34375 0.3342013888888889 0.02490234375 0.06597222222222222
2 0.36376953125 0.3333333333333333 0.03173828125 0.09722222222222222
2 0.390625 0.3914930555555556 0.056640625 0.034722222222222224
2 0.67822265625 0.3376736111111111 0.07275390625 0.05555555555555555
2 0.74755859375 0.1857638888888889 0.06103515625 0.08333333333333333
2 0.7900390625 0.1970486111111111 0.03125 0.042534722222222224
2 0.75634765625 0.2604166666666667 0.04541015625 0.0625
2 0.78759765625 0.2578125 0.02294921875 0.0546875
2 0.80078125 0.3237847222222222 0.04345703125 0.021701388888888888
2 0.806640625 0.2647569444444444 0.02685546875 0.030381944444444444
2 0.8330078125 0.24131944444444445 0.03466796875 0.03993055555555555
2 0.86572265625 0.1579861111111111 0.04052734375 0.026909722222222224
2 0.9365234375 0.3802083333333333 0.02001953125 0.03732638888888889
2 0.1103515625 0.40625 0.048828125 0.12152777777777778
2 0.14892578125 0.3480902777777778 0.03076171875 0.04774305555555555
2 0.1220703125 0.4279513888888889 0.0224609375 0.052083333333333336
2 0.12060546875 0.5486111111111112 0.02783203125 0.042534722222222224
2 0.1494140625 0.4383680555555556 0.01806640625 0.027777777777777776