2 0.36572265625 0.8923611111111112 0.06640625 0.109375
2 0.279296875 0.3611111111111111 0.0224609375 0.0720486111111111
2 0.30029296875 0.3576388888888889 0.02685546875 0.09809027777777778
2 0.32373046875 0.4166666666666667 0.06005859375 0.044270833333333336
2 0.28369140625 0.4296875 0.03076171875 0.0546875
2 0.03564453125 0.453125 0.04736328125 0.12760416666666666
2 0.04736328125 0.4782986111111111 0.0234375 0.059027777777777776
2 0.07470703125 0.3932291666666667 0.0322265625 0.059895833333333336
2 0.07861328125 0.4800347222222222 0.02001953125 0.033854166666666664
2 0.0517578125 0.5868055555555556 0.0302734375 0.04774305555555555
2 0.6103515625 0.34375 0.07080078125 0.059895833333333336
2 0.68505859375 0.2595486111111111 0.04296875 0.059895833333333336
2 0.72900390625 0.3177083333333333 0.04443359375 0.020833333333333332
2 0.71728515625 0.2560763888888889 0.0263671875 0.05555555555555555
2 0.73583984375 0.2595486111111111 0.02490234375 0.027777777777777776
2 0.759765625 0.23524305555555555 0.03369140625 0.034722222222222224
2 0.7197265625 0.19618055555555555 0.03076171875 0.04079861111111111
2 0.67822265625 0.18489583333333334 0.05810546875 0.08159722222222222
2 0.78515625 0.1527777777777778 0.04052734375 0.035590277777777776
2 0.85693359375 0.3671875 0.0205078125 0.034722222222222224