2 0.279296875 0.2612847222222222 0.0615234375 0.11805555555555555
2 0.578125 0.1076388888888889 0.04052734375 0.03993055555555555
2 0.580078125 0.1449652777777778 0.05517578125 0.04774305555555555
2 0.546875 0.18663194444444445 0.02490234375 0.10677083333333333
2 0.53955078125 0.1154513888888889 0.03076171875 0.0546875
2 0.587890625 0.6961805555555556 0.03369140625 0.12586805555555555
2 0.63525390625 0.8289930555555556 0.03369140625 0.0763888888888889
2 0.6025390625 0.9071180555555556 0.01171875 0.07899305555555555
2 0.63720703125 0.8862847222222222 0.03125 0.046875
2 0.63525390625 0.9192708333333334 0.015625 0.044270833333333336
2 0.64892578125 0.9618055555555556 0.01953125 0.059895833333333336
2 0.6708984375 0.890625 0.02294921875 0.0546875
2 0.67724609375 0.8168402777777778 0.0458984375 0.1032986111111111
2 0.695068359375 0.9852430555555556 0.02001953125 0.029513888888888888