2 0.63427734375 0.1076388888888889 0.06640625 0.109375
2 0.720703125 0.6388888888888888 0.0224609375 0.0720486111111111
2 0.69970703125 0.6423611111111112 0.02685546875 0.09809027777777778
2 0.67626953125 0.5833333333333334 0.06005859375 0.044270833333333336
2 0.71630859375 0.5703125 0.03076171875 0.0546875
2 0.96435546875 0.546875 0.04736328125 0.12760416666666666
2 0.95263671875 0.5217013888888888 0.0234375 0.059027777777777776
2 0.92529296875 0.6067708333333334 0.0322265625 0.059895833333333336
2 0.92138671875 0.5199652777777778 0.02001953125 0.033854166666666664
2 0.9482421875 0.4131944444444444 0.0302734375 0.04774305555555555
2 0.3896484375 0.65625 0.07080078125 0.059895833333333336
2 0.31494140625 0.7404513888888888 0.04296875 0.059895833333333336
2 0.27099609375 0.6822916666666666 0.04443359375 0.020833333333333332
2 0.28271484375 0.7439236111111112 0.0263671875 0.05555555555555555
2 0.26416015625 0.7404513888888888 0.02490234375 0.027777777777777776
2 0.240234375 0.7647569444444444 0.03369140625 0.034722222222222224
2 0.2802734375 0.8038194444444444 0.03076171875 0.04079861111111111
2 0.32177734375 0.8151041666666666 0.05810546875 0.08159722222222222
2 0.21484375 0.8472222222222222 0.04052734375 0.035590277777777776
2 0.14306640625 0.6328125 0.0205078125 0.034722222222222224