2 0.396484375 0.7829861111111112 0.03955078125 0.042534722222222224
2 0.39404296875 0.7465277777777778 0.05615234375 0.04600694444444445
2 0.43359375 0.7795138888888888 0.02734375 0.05381944444444445
2 0.427734375 0.703125 0.0205078125 0.10069444444444445
2 0.388671875 0.20052083333333334 0.03466796875 0.12152777777777778
2 0.34619140625 0.0546875 0.03857421875 0.07899305555555555
2 0.3779296875 0.010850694444444444 0.0146484375 0.021701388888888888
2 0.34228515625 0.010850694444444444 0.033203125 0.021701388888888888
2 0.307373046875 0.008680555555555556 0.02294921875 0.017361111111111112
2 0.30078125 0.0625 0.04833984375 0.109375
2 0.6953125 0.6831597222222222 0.07177734375 0.1345486111111111