2 0.1044921875 0.3958333333333333 0.04736328125 0.1232638888888889
2 0.1142578125 0.4184027777777778 0.02392578125 0.04079861111111111
2 0.1396484375 0.3342013888888889 0.03125 0.052083333333333336
2 0.12109375 0.5208333333333334 0.02587890625 0.033854166666666664
2 0.1455078125 0.4244791666666667 0.01708984375 0.0234375
2 0.3408203125 0.3159722222222222 0.02392578125 0.0703125
2 0.361328125 0.3116319444444444 0.02587890625 0.0998263888888889
2 0.3427734375 0.3819444444444444 0.0302734375 0.04861111111111111
2 0.3857421875 0.3715277777777778 0.056640625 0.036458333333333336
2 0.66845703125 0.3020833333333333 0.068359375 0.06163194444444445
2 0.75048828125 0.2265625 0.04443359375 0.0685763888888889
2 0.791015625 0.2829861111111111 0.0439453125 0.026041666666666668
2 0.78271484375 0.21961805555555555 0.02783203125 0.059027777777777776
2 0.8017578125 0.22569444444444445 0.02587890625 0.030381944444444444
2 0.826171875 0.2013888888888889 0.03369140625 0.03819444444444445
2 0.7880859375 0.1579861111111111 0.03369140625 0.04079861111111111
2 0.85302734375 0.1189236111111111 0.03857421875 0.027777777777777776
2 0.74609375 0.14583333333333334 0.0615234375 0.0859375
2 0.923828125 0.3394097222222222 0.02099609375 0.03298611111111111
2 0.39697265625 0.8472222222222222 0.07568359375 0.12760416666666666