2 0.36962890625 0.7526041666666666 0.052734375 0.1284722222222222
2 0.3828125 0.3671875 0.0419921875 0.05642361111111111
2 0.36279296875 0.2795138888888889 0.0166015625 0.022569444444444444
2 0.396484375 0.2673611111111111 0.0224609375 0.014756944444444444
2 0.39013671875 0.296875 0.02490234375 0.06597222222222222
2 0.41015625 0.2986111111111111 0.03466796875 0.09635416666666667
2 0.43017578125 0.3619791666666667 0.05419921875 0.04079861111111111
2 0.703125 0.2621527777777778 0.07177734375 0.059027777777777776
2 0.8271484375 0.2248263888888889 0.04736328125 0.024305555555555556
2 0.8583984375 0.15625 0.03271484375 0.03819444444444445
2 0.83984375 0.16493055555555555 0.0263671875 0.03298611111111111
2 0.8193359375 0.1527777777777778 0.021484375 0.057291666666666664
2 0.8447265625 0.08940972222222222 0.03125 0.0390625
2 0.87890625 0.051215277777777776 0.03515625 0.025173611111111112
2 0.80517578125 0.06597222222222222 0.060546875 0.08940972222222222
2 0.78759765625 0.16666666666666666 0.0439453125 0.06510416666666667
2 0.17236328125 0.3376736111111111 0.0283203125 0.04600694444444445
2 0.15185546875 0.4331597222222222 0.0185546875 0.051215277777777776
2 0.1357421875 0.4140625 0.046875 0.12152777777777778
2 0.1748046875 0.4939236111111111 0.0234375 0.03298611111111111
2 0.193359375 0.4270833333333333 0.0166015625 0.022569444444444444
2 0.955078125 0.296875 0.02734375 0.03298611111111111