2 0.63037109375 0.24739583333333334 0.052734375 0.1284722222222222
2 0.6171875 0.6328125 0.0419921875 0.05642361111111111
2 0.63720703125 0.7204861111111112 0.0166015625 0.022569444444444444
2 0.603515625 0.7326388888888888 0.0224609375 0.014756944444444444
2 0.60986328125 0.703125 0.02490234375 0.06597222222222222
2 0.58984375 0.7013888888888888 0.03466796875 0.09635416666666667
2 0.56982421875 0.6380208333333334 0.05419921875 0.04079861111111111
2 0.296875 0.7378472222222222 0.07177734375 0.059027777777777776
2 0.1728515625 0.7751736111111112 0.04736328125 0.024305555555555556
2 0.1416015625 0.84375 0.03271484375 0.03819444444444445
2 0.16015625 0.8350694444444444 0.0263671875 0.03298611111111111
2 0.1806640625 0.8472222222222222 0.021484375 0.057291666666666664
2 0.1552734375 0.9105902777777778 0.03125 0.0390625
2 0.12109375 0.9487847222222222 0.03515625 0.025173611111111112
2 0.19482421875 0.9340277777777778 0.060546875 0.08940972222222222
2 0.21240234375 0.8333333333333334 0.0439453125 0.06510416666666667
2 0.82763671875 0.6623263888888888 0.0283203125 0.04600694444444445
2 0.84814453125 0.5668402777777778 0.0185546875 0.051215277777777776
2 0.8642578125 0.5859375 0.046875 0.12152777777777778
2 0.8251953125 0.5060763888888888 0.0234375 0.03298611111111111
2 0.806640625 0.5729166666666666 0.0166015625 0.022569444444444444
2 0.044921875 0.703125 0.02734375 0.03298611111111111