2 0.58544921875 0.1154513888888889 0.0126953125 0.028645833333333332
2 0.59130859375 0.18055555555555555 0.01220703125 0.036458333333333336
2 0.57666015625 0.1736111111111111 0.0380859375 0.05295138888888889
2 0.576171875 0.2048611111111111 0.056640625 0.07465277777777778
2 0.53466796875 0.1519097222222222 0.0283203125 0.0703125
2 0.53857421875 0.2387152777777778 0.0263671875 0.10677083333333333
2 0.32763671875 0.13020833333333334 0.06640625 0.09288194444444445
2 0.6015625 0.71875 0.03173828125 0.12152777777777778
2 0.65625 0.8619791666666666 0.03955078125 0.07552083333333333
2 0.62548828125 0.9253472222222222 0.01171875 0.07552083333333333
2 0.69970703125 0.9609375 0.02197265625 0.05642361111111111
2 0.660888671875 0.9769965277777778 0.02197265625 0.04600694444444445
2 0.65673828125 0.9496527777777778 0.01708984375 0.042534722222222224
2 0.6640625 0.9166666666666666 0.02978515625 0.041666666666666664
2 0.71142578125 0.8949652777777778 0.0478515625 0.10069444444444445
2 0.71875 0.9900173611111112 0.0146484375 0.019965277777777776