2 0.04736328125 0.4947916666666667 0.04931640625 0.13194444444444445
2 0.0654296875 0.5130208333333334 0.02197265625 0.06076388888888889
2 0.087890625 0.4149305555555556 0.033203125 0.0625
2 0.0908203125 0.5651041666666666 0.0263671875 0.029513888888888888
2 0.109375 0.5008680555555556 0.0166015625 0.022569444444444444
2 0.28369140625 0.3480902777777778 0.01611328125 0.022569444444444444
2 0.3203125 0.3376736111111111 0.0205078125 0.021701388888888888
2 0.31640625 0.3637152777777778 0.02978515625 0.06770833333333333
2 0.333984375 0.3645833333333333 0.0419921875 0.10069444444444445
2 0.30419921875 0.4383680555555556 0.03955078125 0.050347222222222224
2 0.35302734375 0.4314236111111111 0.06005859375 0.046875
2 0.2919921875 0.8064236111111112 0.05224609375 0.11805555555555555
2 0.623046875 0.3194444444444444 0.068359375 0.05642361111111111
2 0.70361328125 0.2222222222222222 0.04248046875 0.0703125
2 0.7392578125 0.2769097222222222 0.04248046875 0.020833333333333332
2 0.75927734375 0.1449652777777778 0.03173828125 0.0390625
2 0.7705078125 0.21354166666666666 0.0302734375 0.0390625
2 0.7529296875 0.22135416666666666 0.02392578125 0.030381944444444444
2 0.734375 0.20833333333333334 0.0234375 0.05295138888888889
2 0.72216796875 0.12413194444444445 0.056640625 0.08506944444444445
2 0.78955078125 0.1111111111111111 0.0390625 0.026041666666666668
2 0.85986328125 0.3472222222222222 0.0263671875 0.035590277777777776