2 0.95263671875 0.5052083333333334 0.04931640625 0.13194444444444445
2 0.9345703125 0.4869791666666667 0.02197265625 0.06076388888888889
2 0.912109375 0.5850694444444444 0.033203125 0.0625
2 0.9091796875 0.4348958333333333 0.0263671875 0.029513888888888888
2 0.890625 0.4991319444444444 0.0166015625 0.022569444444444444
2 0.71630859375 0.6519097222222222 0.01611328125 0.022569444444444444
2 0.6796875 0.6623263888888888 0.0205078125 0.021701388888888888
2 0.68359375 0.6362847222222222 0.02978515625 0.06770833333333333
2 0.666015625 0.6354166666666666 0.0419921875 0.10069444444444445
2 0.69580078125 0.5616319444444444 0.03955078125 0.050347222222222224
2 0.64697265625 0.5685763888888888 0.06005859375 0.046875
2 0.7080078125 0.1935763888888889 0.05224609375 0.11805555555555555
2 0.376953125 0.6805555555555556 0.068359375 0.05642361111111111
2 0.29638671875 0.7777777777777778 0.04248046875 0.0703125
2 0.2607421875 0.7230902777777778 0.04248046875 0.020833333333333332
2 0.24072265625 0.8550347222222222 0.03173828125 0.0390625
2 0.2294921875 0.7864583333333334 0.0302734375 0.0390625
2 0.2470703125 0.7786458333333334 0.02392578125 0.030381944444444444
2 0.265625 0.7916666666666666 0.0234375 0.05295138888888889
2 0.27783203125 0.8758680555555556 0.056640625 0.08506944444444445
2 0.21044921875 0.8888888888888888 0.0390625 0.026041666666666668
2 0.14013671875 0.6527777777777778 0.0263671875 0.035590277777777776