2 0.46435546875 0.9947916666666666 0.041015625 0.010416666666666666
2 0.4658203125 0.9709201388888888 0.0556640625 0.058159722222222224
2 0.50244140625 0.9461805555555556 0.02783203125 0.10069444444444445
2 0.43115234375 0.4696180555555556 0.03271484375 0.11805555555555555
2 0.375 0.3220486111111111 0.0380859375 0.07291666666666667
2 0.40283203125 0.2517361111111111 0.01416015625 0.08854166666666667
2 0.3291015625 0.2204861111111111 0.02099609375 0.057291666666666664
2 0.3662109375 0.2065972222222222 0.0224609375 0.049479166666666664
2 0.37109375 0.2361111111111111 0.017578125 0.04079861111111111
2 0.3623046875 0.2682291666666667 0.02880859375 0.044270833333333336
2 0.31005859375 0.1796875 0.01611328125 0.07552083333333333
2 0.3173828125 0.2847222222222222 0.04443359375 0.0998263888888889
2 0.44140625 0.059895833333333336 0.02197265625 0.057291666666666664