2 0.193359375 0.5164930555555556 0.044921875 0.051215277777777776
2 0.17138671875 0.4262152777777778 0.01708984375 0.0234375
2 0.20751953125 0.4140625 0.01708984375 0.0234375
2 0.2099609375 0.4366319444444444 0.02880859375 0.07291666666666667
2 0.2294921875 0.4392361111111111 0.0439453125 0.09895833333333333
2 0.2490234375 0.5043402777777778 0.056640625 0.049479166666666664
2 0.51708984375 0.3776041666666667 0.06640625 0.058159722222222224
2 0.60009765625 0.2777777777777778 0.041015625 0.06770833333333333
2 0.6396484375 0.3272569444444444 0.0498046875 0.025173611111111112
2 0.6572265625 0.19618055555555555 0.0322265625 0.03732638888888889
2 0.6650390625 0.2621527777777778 0.02783203125 0.03993055555555555
2 0.6484375 0.2708333333333333 0.02294921875 0.03125
2 0.63037109375 0.2552083333333333 0.02490234375 0.051215277777777776
2 0.68017578125 0.1623263888888889 0.04248046875 0.028645833333333332
2 0.62109375 0.1753472222222222 0.05615234375 0.07899305555555555
2 0.74755859375 0.3958333333333333 0.0322265625 0.0390625
2 0.18212890625 0.8949652777777778 0.0615234375 0.13368055555555555