2 0.12353515625 0.9479166666666666 0.06298828125 0.10416666666666667
2 0.05419921875 0.53125 0.033203125 0.035590277777777776
2 0.109375 0.484375 0.01904296875 0.024305555555555556
2 0.1337890625 0.5746527777777778 0.04638671875 0.0546875
2 0.1494140625 0.4704861111111111 0.02197265625 0.026909722222222224
2 0.19189453125 0.5607638888888888 0.05859375 0.06597222222222222
2 0.15625 0.4913194444444444 0.03173828125 0.07378472222222222
2 0.17578125 0.4913194444444444 0.04296875 0.10069444444444445
2 0.45947265625 0.4227430555555556 0.06787109375 0.06336805555555555
2 0.5400390625 0.3203125 0.04052734375 0.06336805555555555
2 0.57958984375 0.3715277777777778 0.044921875 0.034722222222222224
2 0.56396484375 0.2170138888888889 0.05517578125 0.08159722222222222
2 0.59912109375 0.2387152777777778 0.02978515625 0.034722222222222224
2 0.572265625 0.2977430555555556 0.0283203125 0.051215277777777776
2 0.587890625 0.3142361111111111 0.02099609375 0.026909722222222224
2 0.6064453125 0.3098958333333333 0.02783203125 0.035590277777777776
2 0.61376953125 0.20833333333333334 0.03076171875 0.024305555555555556
2 0.68505859375 0.4409722222222222 0.03466796875 0.03298611111111111