2 0.50048828125 0.6701388888888888 0.04150390625 0.06336805555555555
2 0.58349609375 0.5659722222222222 0.06689453125 0.05642361111111111
2 0.474609375 0.7699652777777778 0.05224609375 0.07118055555555555
2 0.46826171875 0.6953125 0.02978515625 0.0546875
2 0.46240234375 0.6197916666666666 0.05029296875 0.026041666666666668
2 0.453125 0.6770833333333334 0.021484375 0.029513888888888888
2 0.43115234375 0.6822916666666666 0.0302734375 0.03993055555555555
2 0.43896484375 0.7552083333333334 0.02587890625 0.035590277777777776
2 0.42724609375 0.7821180555555556 0.03466796875 0.024305555555555556
2 0.3603515625 0.5434027777777778 0.0361328125 0.036458333333333336
2 0.9384765625 0.4904513888888889 0.01611328125 0.0234375
2 0.89404296875 0.5078125 0.02294921875 0.025173611111111112
2 0.91015625 0.3993055555555556 0.04638671875 0.052083333333333336
2 0.8505859375 0.4149305555555556 0.05908203125 0.06510416666666667
2 0.87841796875 0.4921875 0.025390625 0.07291666666666667
2 0.85791015625 0.4939236111111111 0.03564453125 0.10416666666666667