2 0.49951171875 0.3298611111111111 0.04150390625 0.06336805555555555
2 0.41650390625 0.4340277777777778 0.06689453125 0.05642361111111111
2 0.525390625 0.2300347222222222 0.05224609375 0.07118055555555555
2 0.53173828125 0.3046875 0.02978515625 0.0546875
2 0.53759765625 0.3802083333333333 0.05029296875 0.026041666666666668
2 0.546875 0.3229166666666667 0.021484375 0.029513888888888888
2 0.56884765625 0.3177083333333333 0.0302734375 0.03993055555555555
2 0.56103515625 0.24479166666666666 0.02587890625 0.035590277777777776
2 0.57275390625 0.21788194444444445 0.03466796875 0.024305555555555556
2 0.6396484375 0.4565972222222222 0.0361328125 0.036458333333333336
2 0.0615234375 0.5095486111111112 0.01611328125 0.0234375
2 0.10595703125 0.4921875 0.02294921875 0.025173611111111112
2 0.08984375 0.6006944444444444 0.04638671875 0.052083333333333336
2 0.1494140625 0.5850694444444444 0.05908203125 0.06510416666666667
2 0.12158203125 0.5078125 0.025390625 0.07291666666666667
2 0.14208984375 0.5060763888888888 0.03564453125 0.10416666666666667