2 0.93408203125 0.4835069444444444 0.02490234375 0.029513888888888888
2 0.94921875 0.3732638888888889 0.048828125 0.057291666666666664
2 0.88623046875 0.3923611111111111 0.0625 0.0685763888888889
2 0.91259765625 0.4739583333333333 0.0224609375 0.07552083333333333
2 0.8896484375 0.4739583333333333 0.0302734375 0.10503472222222222
2 0.6181640625 0.5520833333333334 0.068359375 0.05642361111111111
2 0.53662109375 0.6597222222222222 0.04150390625 0.0642361111111111
2 0.5009765625 0.6145833333333334 0.04345703125 0.026909722222222224
2 0.5087890625 0.7612847222222222 0.048828125 0.07118055555555555
2 0.50439453125 0.6883680555555556 0.03076171875 0.050347222222222224
2 0.48828125 0.6675347222222222 0.02099609375 0.030381944444444444
2 0.46630859375 0.6727430555555556 0.0302734375 0.034722222222222224
2 0.3955078125 0.5347222222222222 0.0361328125 0.03298611111111111
2 0.46240234375 0.7725694444444444 0.04052734375 0.03211805555555555
2 0.4716796875 0.7482638888888888 0.02783203125 0.036458333333333336