2 0.06591796875 0.5164930555555556 0.02490234375 0.029513888888888888
2 0.05078125 0.6267361111111112 0.048828125 0.057291666666666664
2 0.11376953125 0.6076388888888888 0.0625 0.0685763888888889
2 0.08740234375 0.5260416666666666 0.0224609375 0.07552083333333333
2 0.1103515625 0.5260416666666666 0.0302734375 0.10503472222222222
2 0.3818359375 0.4479166666666667 0.068359375 0.05642361111111111
2 0.46337890625 0.3402777777777778 0.04150390625 0.0642361111111111
2 0.4990234375 0.3854166666666667 0.04345703125 0.026909722222222224
2 0.4912109375 0.2387152777777778 0.048828125 0.07118055555555555
2 0.49560546875 0.3116319444444444 0.03076171875 0.050347222222222224
2 0.51171875 0.3324652777777778 0.02099609375 0.030381944444444444
2 0.53369140625 0.3272569444444444 0.0302734375 0.034722222222222224
2 0.6044921875 0.4652777777777778 0.0361328125 0.03298611111111111
2 0.53759765625 0.22743055555555555 0.04052734375 0.03211805555555555
2 0.5283203125 0.2517361111111111 0.02783203125 0.036458333333333336