2 0.34716796875 0.4444444444444444 0.0693359375 0.05642361111111111
2 0.4296875 0.3333333333333333 0.04443359375 0.06510416666666667
2 0.46337890625 0.3819444444444444 0.037109375 0.0234375
2 0.46044921875 0.3038194444444444 0.0302734375 0.050347222222222224
2 0.4775390625 0.3246527777777778 0.02197265625 0.027777777777777776
2 0.49951171875 0.3220486111111111 0.0302734375 0.034722222222222224
2 0.46044921875 0.234375 0.05126953125 0.06770833333333333
2 0.50537109375 0.22135416666666666 0.041015625 0.024305555555555556
2 0.56787109375 0.4661458333333333 0.0390625 0.03211805555555555
2 0.0263671875 0.5138888888888888 0.02734375 0.026041666666666668
2 0.05712890625 0.5208333333333334 0.02197265625 0.0720486111111111
2 0.078125 0.5164930555555556 0.0283203125 0.11197916666666667
2 0.01806640625 0.6223958333333334 0.03564453125 0.05642361111111111
2 0.07666015625 0.6076388888888888 0.06103515625 0.06770833333333333
2 0.498046875 0.24305555555555555 0.0302734375 0.03125