2 0.52880859375 0.4800347222222222 0.03662109375 0.034722222222222224
2 0.419921875 0.2552083333333333 0.05419921875 0.06163194444444445
2 0.46044921875 0.3411458333333333 0.0322265625 0.03819444444444445
2 0.3896484375 0.3515625 0.04443359375 0.0642361111111111
2 0.419921875 0.3211805555555556 0.03076171875 0.05381944444444445
2 0.4375 0.3411458333333333 0.02099609375 0.029513888888888888
2 0.42431640625 0.3993055555555556 0.037109375 0.027777777777777776
2 0.4609375 0.2517361111111111 0.03271484375 0.059895833333333336
2 0.3056640625 0.4696180555555556 0.06982421875 0.059895833333333336
2 0.03076171875 0.6484375 0.06103515625 0.07378472222222222
2 0.01416015625 0.5546875 0.0234375 0.0763888888888889
2 0.03564453125 0.5477430555555556 0.03271484375 0.10590277777777778