2 0.47119140625 0.5199652777777778 0.03662109375 0.034722222222222224
2 0.580078125 0.7447916666666666 0.05419921875 0.06163194444444445
2 0.53955078125 0.6588541666666666 0.0322265625 0.03819444444444445
2 0.6103515625 0.6484375 0.04443359375 0.0642361111111111
2 0.580078125 0.6788194444444444 0.03076171875 0.05381944444444445
2 0.5625 0.6588541666666666 0.02099609375 0.029513888888888888
2 0.57568359375 0.6006944444444444 0.037109375 0.027777777777777776
2 0.5390625 0.7482638888888888 0.03271484375 0.059895833333333336
2 0.6943359375 0.5303819444444444 0.06982421875 0.059895833333333336
2 0.96923828125 0.3515625 0.06103515625 0.07378472222222222
2 0.98583984375 0.4453125 0.0234375 0.0763888888888889
2 0.96435546875 0.4522569444444444 0.03271484375 0.10590277777777778