2 0.29052734375 0.2899305555555556 0.0478515625 0.025173611111111112
2 0.25 0.3098958333333333 0.04296875 0.06597222222222222
2 0.248046875 0.3723958333333333 0.03662109375 0.04600694444444445
2 0.267578125 0.3940972222222222 0.02099609375 0.026041666666666668
2 0.2919921875 0.4045138888888889 0.033203125 0.029513888888888888
2 0.25244140625 0.4548611111111111 0.03759765625 0.026909722222222224
2 0.2158203125 0.4105902777777778 0.044921875 0.059895833333333336
2 0.130859375 0.5416666666666666 0.0751953125 0.059895833333333336
2 0.06689453125 0.5442708333333334 0.01123046875 0.022569444444444444
2 0.04833984375 0.7682291666666666 0.02294921875 0.029513888888888888
2 0.359375 0.5494791666666666 0.02099609375 0.029513888888888888
2 0.96923828125 0.8793402777777778 0.02587890625 0.036458333333333336