2 0.70947265625 0.7100694444444444 0.0478515625 0.025173611111111112
2 0.75 0.6901041666666666 0.04296875 0.06597222222222222
2 0.751953125 0.6276041666666666 0.03662109375 0.04600694444444445
2 0.732421875 0.6059027777777778 0.02099609375 0.026041666666666668
2 0.7080078125 0.5954861111111112 0.033203125 0.029513888888888888
2 0.74755859375 0.5451388888888888 0.03759765625 0.026909722222222224
2 0.7841796875 0.5894097222222222 0.044921875 0.059895833333333336
2 0.869140625 0.4583333333333333 0.0751953125 0.059895833333333336
2 0.93310546875 0.4557291666666667 0.01123046875 0.022569444444444444
2 0.95166015625 0.23177083333333334 0.02294921875 0.029513888888888888
2 0.640625 0.4505208333333333 0.02099609375 0.029513888888888888
2 0.03076171875 0.12065972222222222 0.02587890625 0.036458333333333336