2 0.2646484375 0.08506944444444445 0.09130859375 0.14149305555555555
2 0.13427734375 0.6180555555555556 0.01904296875 0.024305555555555556
2 0.15087890625 0.6388888888888888 0.009765625 0.012152777777777778
2 0.11083984375 0.640625 0.01171875 0.014756944444444444
2 0.052734375 0.7013888888888888 0.0087890625 0.011284722222222222
2 0.07763671875 0.7821180555555556 0.01806640625 0.03125
2 0.04638671875 0.7413194444444444 0.02587890625 0.059027777777777776
2 0.0166015625 0.4965277777777778 0.03271484375 0.044270833333333336
2 0.064453125 0.6380208333333334 0.00732421875 0.020833333333333332
2 0.052734375 0.6380208333333334 0.017578125 0.017361111111111112
2 0.04736328125 0.6258680555555556 0.0107421875 0.009548611111111112