2 0.7353515625 0.9149305555555556 0.09130859375 0.14149305555555555
2 0.86572265625 0.3819444444444444 0.01904296875 0.024305555555555556
2 0.84912109375 0.3611111111111111 0.009765625 0.012152777777777778
2 0.88916015625 0.359375 0.01171875 0.014756944444444444
2 0.947265625 0.2986111111111111 0.0087890625 0.011284722222222222
2 0.92236328125 0.21788194444444445 0.01806640625 0.03125
2 0.95361328125 0.2586805555555556 0.02587890625 0.059027777777777776
2 0.9833984375 0.5034722222222222 0.03271484375 0.044270833333333336
2 0.935546875 0.3619791666666667 0.00732421875 0.020833333333333332
2 0.947265625 0.3619791666666667 0.017578125 0.017361111111111112
2 0.95263671875 0.3741319444444444 0.0107421875 0.009548611111111112