2 0.5986328125 0.6232638888888888 0.01611328125 0.03211805555555555
2 0.52783203125 0.4383680555555556 0.0205078125 0.04079861111111111
2 0.57666015625 0.5026041666666666 0.0341796875 0.07291666666666667
2 0.49365234375 0.2751736111111111 0.0166015625 0.057291666666666664
2 0.48681640625 0.2508680555555556 0.01220703125 0.044270833333333336
2 0.51416015625 0.2534722222222222 0.025390625 0.03732638888888889
2 0.46728515625 0.21614583333333334 0.02587890625 0.0625
2 0.36328125 0.2569444444444444 0.01416015625 0.03211805555555555
2 0.31298828125 0.2152777777777778 0.09619140625 0.11805555555555555
2 0.2392578125 0.1484375 0.02197265625 0.043402777777777776
2 0.25830078125 0.4184027777777778 0.0400390625 0.06163194444444445