2 0.4306640625 0.6753472222222222 0.01806640625 0.028645833333333332
2 0.53466796875 0.5494791666666666 0.02294921875 0.036458333333333336
2 0.49853515625 0.6362847222222222 0.041015625 0.06076388888888889
2 0.62646484375 0.4887152777777778 0.0322265625 0.029513888888888888
2 0.64013671875 0.4765625 0.02490234375 0.021701388888888888
2 0.638671875 0.5251736111111112 0.02099609375 0.04513888888888889
2 0.65966796875 0.4418402777777778 0.03515625 0.04600694444444445
2 0.63671875 0.2569444444444444 0.01806640625 0.025173611111111112
2 0.66015625 0.1675347222222222 0.06640625 0.17100694444444445
2 0.69775390625 0.036458333333333336 0.0244140625 0.0390625
2 0.5458984375 0.0703125 0.03466796875 0.07118055555555555