2 0.37353515625 0.6588541666666666 0.080078125 0.17274305555555555
2 0.4873046875 0.7074652777777778 0.05029296875 0.11979166666666667
1 0.51025390625 0.6631944444444444 0.025390625 0.059895833333333336
2 0.79931640625 0.5911458333333334 0.0732421875 0.10590277777777778
2 0.8681640625 0.7126736111111112 0.06982421875 0.1171875
2 0.78955078125 0.8177083333333334 0.0458984375 0.10590277777777778
2 0.4873046875 0.9027777777777778 0.0673828125 0.0625
2 0.2939453125 0.6241319444444444 0.04443359375 0.09895833333333333
2 0.34912109375 0.4427083333333333 0.037109375 0.06684027777777778
2 0.12060546875 0.7161458333333334 0.0166015625 0.025173611111111112
2 0.02392578125 0.4817708333333333 0.01025390625 0.022569444444444444
2 0.0126953125 0.5546875 0.025390625 0.04861111111111111
2 0.05029296875 0.6866319444444444 0.099609375 0.1519097222222222