2 0.52294921875 0.5980902777777778 0.1015625 0.05381944444444445
2 0.53515625 0.6840277777777778 0.06884765625 0.08246527777777778
2 0.462890625 0.6883680555555556 0.095703125 0.059895833333333336
2 0.42138671875 0.6388888888888888 0.1025390625 0.07552083333333333
2 0.41357421875 0.6085069444444444 0.0986328125 0.07378472222222222
2 0.2421875 0.5963541666666666 0.07861328125 0.1501736111111111
2 0.20556640625 0.6857638888888888 0.0107421875 0.017361111111111112
2 0.20556640625 0.6710069444444444 0.01171875 0.015625
2 0.19189453125 0.5842013888888888 0.0703125 0.14756944444444445
2 0.1640625 0.6267361111111112 0.04150390625 0.059895833333333336
2 0.14697265625 0.5399305555555556 0.0341796875 0.042534722222222224
2 0.1396484375 0.5789930555555556 0.03173828125 0.09809027777777778
2 0.1171875 0.5685763888888888 0.0283203125 0.09461805555555555
2 0.08203125 0.5303819444444444 0.0126953125 0.019965277777777776
2 0.1044921875 0.5807291666666666 0.0078125 0.021701388888888888
2 0.0283203125 0.4539930555555556 0.02685546875 0.0998263888888889
2 0.00927734375 0.6371527777777778 0.0107421875 0.017361111111111112
2 0.0205078125 0.6458333333333334 0.01220703125 0.021701388888888888
2 0.109375 0.3793402777777778 0.02587890625 0.043402777777777776
2 0.0908203125 0.4704861111111111 0.07421875 0.125
2 0.04296875 0.7387152777777778 0.064453125 0.12413194444444445
2 0.03662109375 0.6371527777777778 0.02880859375 0.0998263888888889
2 0.01953125 0.6927083333333334 0.0390625 0.05555555555555555
2 0.1552734375 0.7083333333333334 0.115234375 0.08072916666666667