2 0.47705078125 0.4019097222222222 0.1015625 0.05381944444444445
2 0.46484375 0.3159722222222222 0.06884765625 0.08246527777777778
2 0.537109375 0.3116319444444444 0.095703125 0.059895833333333336
2 0.57861328125 0.3611111111111111 0.1025390625 0.07552083333333333
2 0.58642578125 0.3914930555555556 0.0986328125 0.07378472222222222
2 0.7578125 0.4036458333333333 0.07861328125 0.1501736111111111
2 0.79443359375 0.3142361111111111 0.0107421875 0.017361111111111112
2 0.79443359375 0.3289930555555556 0.01171875 0.015625
2 0.80810546875 0.4157986111111111 0.0703125 0.14756944444444445
2 0.8359375 0.3732638888888889 0.04150390625 0.059895833333333336
2 0.85302734375 0.4600694444444444 0.0341796875 0.042534722222222224
2 0.8603515625 0.4210069444444444 0.03173828125 0.09809027777777778
2 0.8828125 0.4314236111111111 0.0283203125 0.09461805555555555
2 0.91796875 0.4696180555555556 0.0126953125 0.019965277777777776
2 0.8955078125 0.4192708333333333 0.0078125 0.021701388888888888
2 0.9716796875 0.5460069444444444 0.02685546875 0.0998263888888889
2 0.99072265625 0.3628472222222222 0.0107421875 0.017361111111111112
2 0.9794921875 0.3541666666666667 0.01220703125 0.021701388888888888
2 0.890625 0.6206597222222222 0.02587890625 0.043402777777777776
2 0.9091796875 0.5295138888888888 0.07421875 0.125
2 0.95703125 0.2612847222222222 0.064453125 0.12413194444444445
2 0.96337890625 0.3628472222222222 0.02880859375 0.0998263888888889
2 0.98046875 0.3072916666666667 0.0390625 0.05555555555555555
2 0.8447265625 0.2916666666666667 0.115234375 0.08072916666666667