2 0.41845703125 0.3428819444444444 0.01220703125 0.019097222222222224
2 0.47119140625 0.3046875 0.0693359375 0.08506944444444445
2 0.4814453125 0.3888888888888889 0.1015625 0.058159722222222224
2 0.54248046875 0.296875 0.09912109375 0.058159722222222224
2 0.58544921875 0.3489583333333333 0.10546875 0.07291666666666667
2 0.5927734375 0.3828125 0.099609375 0.07899305555555555
2 0.7626953125 0.3932291666666667 0.076171875 0.15625
2 0.8076171875 0.3993055555555556 0.06298828125 0.1310763888888889
2 0.80126953125 0.3203125 0.01220703125 0.016493055555555556
2 0.80126953125 0.3064236111111111 0.01220703125 0.016493055555555556
2 0.849609375 0.2803819444444444 0.11328125 0.0798611111111111
2 0.857421875 0.4522569444444444 0.03271484375 0.044270833333333336
2 0.86572265625 0.4105902777777778 0.033203125 0.09635416666666667
2 0.888671875 0.4236111111111111 0.03271484375 0.0954861111111111
2 0.89990234375 0.4166666666666667 0.00927734375 0.026041666666666668
2 0.92236328125 0.4618055555555556 0.01171875 0.019097222222222224
2 0.91455078125 0.5199652777777778 0.07373046875 0.12239583333333333
2 0.97607421875 0.5390625 0.02978515625 0.10069444444444445
2 0.970703125 0.3541666666666667 0.02880859375 0.09635416666666667
2 0.9853515625 0.3480902777777778 0.0126953125 0.022569444444444444
2 0.99560546875 0.3567708333333333 0.00830078125 0.017361111111111112
2 0.96533203125 0.2526041666666667 0.06103515625 0.11631944444444445
2 0.9833984375 0.3012152777777778 0.033203125 0.05642361111111111
2 0.8955078125 0.6119791666666666 0.0263671875 0.04513888888888889
2 0.83984375 0.3776041666666667 0.05029296875 0.08940972222222222