2 0.45654296875 0.2708333333333333 0.01171875 0.019097222222222224
2 0.5205078125 0.3203125 0.09814453125 0.0625
2 0.50390625 0.23177083333333334 0.06494140625 0.08506944444444445
2 0.57568359375 0.2282986111111111 0.09521484375 0.06076388888888889
2 0.6171875 0.2803819444444444 0.10400390625 0.07552083333333333
2 0.625 0.3142361111111111 0.0986328125 0.08159722222222222
2 0.80029296875 0.3350694444444444 0.07666015625 0.15885416666666666
2 0.8447265625 0.2465277777777778 0.01123046875 0.016493055555555556
2 0.8447265625 0.2630208333333333 0.01220703125 0.016493055555555556
2 0.8525390625 0.3489583333333333 0.072265625 0.1449652777777778
2 0.8984375 0.3967013888888889 0.03466796875 0.04513888888888889
2 0.90966796875 0.3567708333333333 0.03759765625 0.09809027777777778
2 0.93359375 0.3689236111111111 0.0341796875 0.09461805555555555
2 0.94580078125 0.3611111111111111 0.0107421875 0.017361111111111112
2 0.88818359375 0.2248263888888889 0.099609375 0.078125
2 0.9599609375 0.4574652777777778 0.080078125 0.10243055555555555
2 0.94140625 0.5677083333333334 0.02685546875 0.046875
2 0.88232421875 0.3220486111111111 0.0517578125 0.09114583333333333