2 0.978125 0.85390625 0.04375 0.078125
2 0.61640625 0.69921875 0.2796875 0.2375
2 0.5296875 0.61015625 0.2140625 0.1375
2 0.59609375 0.4796875 0.121875 0.115625
2 0.490625 0.4875 0.1046875 0.10625
2 0.39921875 0.5359375 0.134375 0.1140625
2 0.60390625 0.35625 0.10625 0.090625
2 0.5328125 0.1921875 0.196875 0.0984375
2 0.38671875 0.121875 0.109375 0.0984375
2 0.34296875 0.10078125 0.06875 0.1
2 0.29375 0.0703125 0.1234375 0.096875
2 0.3421875 0.275 0.1875 0.1078125
2 0.0265625 0.06171875 0.0484375 0.05625
2 0.52421875 0.36484375 0.059375 0.053125
2 0.51796875 0.33671875 0.065625 0.059375
2 0.43125 0.34921875 0.1546875 0.0875
2 0.47578125 0.26484375 0.0875 0.0765625