2 0.977734375 0.8535937499999999 0.04453125 0.077515625
2 0.616109375 0.6989375 0.280265625 0.23693749999999997
2 0.529984375 0.60990625 0.21425 0.137015625
2 0.596 0.4800625 0.121296875 0.11560937499999999
2 0.49053125 0.487484375 0.105265625 0.10701562499999999
2 0.399515625 0.53571875 0.1341875 0.113625
2 0.603796875 0.35646875 0.105671875 0.091078125
2 0.53253125 0.1920625 0.197453125 0.09818750000000001
2 0.38703125 0.12176562500000002 0.109546875 0.098234375
2 0.343078125 0.100875 0.068515625 0.099421875
2 0.2940625 0.070609375 0.12359374999999999 0.097484375
2 0.34192187500000004 0.274859375 0.188046875 0.107515625
2 0.026890625 0.061640625000000004 0.048546875 0.05609375
2 0.5243125 0.364671875 0.0595625 0.052796875
2 0.517859375 0.3365625 0.066203125 0.0590625
2 0.43134375 0.349078125 0.154875 0.08778125
2 0.476078125 0.265109375 0.0876875 0.076015625