2 0.85390625 0.02265625 0.078125 0.04375
2 0.69921875 0.38359375 0.2375 0.2796875
2 0.61015625 0.4703125 0.1375 0.2140625
2 0.4796875 0.40390625 0.115625 0.121875
2 0.4875 0.509375 0.10625 0.1046875
2 0.5359375 0.60078125 0.1140625 0.134375
2 0.35625 0.39609375 0.090625 0.10625
2 0.1921875 0.4671875 0.0984375 0.196875
2 0.121875 0.61328125 0.0984375 0.109375
2 0.10078125 0.65703125 0.1 0.06875
2 0.0703125 0.70625 0.096875 0.1234375
2 0.275 0.6578125 0.1078125 0.1875
2 0.06171875 0.9734375 0.05625 0.0484375
2 0.36484375 0.47578125 0.053125 0.059375
2 0.33671875 0.48203125 0.059375 0.065625
2 0.34921875 0.56875 0.0875 0.1546875
2 0.26484375 0.52421875 0.0765625 0.0875