2 0.1765625 0.15 0.059375 0.0609375
2 0.06484375 0.33046875 0.046875 0.059375
2 0.15703125 0.528125 0.071875 0.125
2 0.22734375 0.53203125 0.0625 0.075
2 0.37109375 0.5796875 0.065625 0.0765625
2 0.61484375 0.6640625 0.05625 0.0375
2 0.8484375 0.625 0.0453125 0.046875
2 0.17734375 0.765625 0.05625 0.046875
2 0.1546875 0.96328125 0.0484375 0.0453125
2 0.1828125 0.80625 0.05625 0.034375
2 0.3046875 0.69375 0.0390625 0.0703125
2 0.36015625 0.65859375 0.0578125 0.0625
2 0.26484375 0.62421875 0.05625 0.06875
2 0.32578125 0.7625 0.071875 0.0390625
2 0.3484375 0.7140625 0.0609375 0.0484375