2 0.15 0.8234375 0.0609375 0.059375
2 0.33046875 0.93515625 0.059375 0.046875
2 0.528125 0.84296875 0.125 0.071875
2 0.53203125 0.77265625 0.075 0.0625
2 0.5796875 0.62890625 0.0765625 0.065625
2 0.6640625 0.38515625 0.0375 0.05625
2 0.625 0.1515625 0.046875 0.0453125
2 0.765625 0.82265625 0.046875 0.05625
2 0.96328125 0.8453125 0.0453125 0.0484375
2 0.80625 0.8171875 0.034375 0.05625
2 0.69375 0.6953125 0.0703125 0.0390625
2 0.65859375 0.63984375 0.0625 0.0578125
2 0.62421875 0.73515625 0.06875 0.05625
2 0.7625 0.67421875 0.0390625 0.071875
2 0.7140625 0.6515625 0.0484375 0.0609375