2 0.176296875 0.149890625 0.05884374999999999 0.06073437499999999
2 0.06496874999999999 0.330515625 0.047140625000000005 0.058671875
2 0.15715625 0.52809375 0.072125 0.125734375
2 0.22726562499999997 0.5318125 0.06185937500000001 0.074578125
2 0.37120312499999997 0.579453125 0.06584375 0.076109375
2 0.614734375 0.664015625 0.0568125 0.038171875
2 0.8487031249999999 0.6253437500000001 0.0455625 0.046796875
2 0.17746875 0.7659374999999999 0.05600000000000001 0.046718749999999996
2 0.1548125 0.96353125 0.0486875 0.045046875
2 0.182546875 0.8065468750000001 0.05571875 0.034187499999999996
2 0.305 0.6934843749999999 0.038890625 0.06979687500000001
2 0.359875 0.6583593750000001 0.058374999999999996 0.06296874999999999
2 0.26515625 0.624 0.056406250000000005 0.0691875
2 0.32609374999999996 0.762234375 0.07203125 0.03959375
2 0.34875 0.713796875 0.061109375 0.04790625