2 0.29609375 0.72734375 0.084375 0.125
2 0.70859375 0.9703125 0.0375 0.0359375
2 0.70703125 0.89921875 0.034375 0.040625
2 0.65546875 0.95234375 0.0171875 0.028125
2 0.6984375 0.71796875 0.04375 0.025
2 0.6875 0.65703125 0.0578125 0.053125
2 0.8109375 0.221875 0.065625 0.059375
2 0.7453125 0.11640625 0.0375 0.0359375
2 0.84453125 0.090625 0.059375 0.0453125
2 0.79296875 0.07578125 0.04375 0.0375
2 0.73203125 0.0703125 0.0375 0.0234375
2 0.89765625 0.42421875 0.0484375 0.059375
2 0.90546875 0.32734375 0.0484375 0.040625
2 0.8890625 0.2421875 0.0390625 0.0453125
2 0.89765625 0.1796875 0.040625 0.05
2 0.82578125 0.39765625 0.0328125 0.0359375
2 0.83984375 0.32421875 0.05 0.046875
2 0.759375 0.77734375 0.0375 0.1
2 0.81875 0.575 0.040625 0.046875
2 0.915625 0.5609375 0.0375 0.1
2 0.79296875 0.646875 0.0390625 0.0578125
2 0.721875 0.834375 0.0375 0.0296875
2 0.8078125 0.3640625 0.028125 0.0296875
2 0.8640625 0.56953125 0.025 0.05625
2 0.746875 0.55625 0.04375 0.0359375
2 0.6828125 0.58671875 0.028125 0.025
2 0.73046875 0.740625 0.0234375 0.0484375