2 0.27265625 0.29609375 0.125 0.084375
2 0.0296875 0.70859375 0.0359375 0.0375
2 0.10078125 0.70703125 0.040625 0.034375
2 0.04765625 0.65546875 0.028125 0.0171875
2 0.28203125 0.6984375 0.025 0.04375
2 0.34296875 0.6875 0.053125 0.0578125
2 0.778125 0.8109375 0.059375 0.065625
2 0.88359375 0.7453125 0.0359375 0.0375
2 0.909375 0.84453125 0.0453125 0.059375
2 0.92421875 0.79296875 0.0375 0.04375
2 0.9296875 0.73203125 0.0234375 0.0375
2 0.57578125 0.89765625 0.059375 0.0484375
2 0.67265625 0.90546875 0.040625 0.0484375
2 0.7578125 0.8890625 0.0453125 0.0390625
2 0.8203125 0.89765625 0.05 0.040625
2 0.60234375 0.82578125 0.0359375 0.0328125
2 0.67578125 0.83984375 0.046875 0.05
2 0.22265625 0.759375 0.1 0.0375
2 0.425 0.81875 0.046875 0.040625
2 0.4390625 0.915625 0.1 0.0375
2 0.353125 0.79296875 0.0578125 0.0390625
2 0.165625 0.721875 0.0296875 0.0375
2 0.6359375 0.8078125 0.0296875 0.028125
2 0.43046875 0.8640625 0.05625 0.025
2 0.44375 0.746875 0.0359375 0.04375
2 0.41328125 0.6828125 0.025 0.028125
2 0.259375 0.73046875 0.0484375 0.0234375