2 0.272578125 0.296140625 0.125609375 0.08367187499999999
2 0.030015625 0.708328125 0.035812500000000004 0.036984375
2 0.10090625 0.706765625 0.040890625 0.033859375000000004
2 0.047796875 0.655625 0.028390625000000003 0.017484375
2 0.28234375 0.698375 0.02484375 0.04440625
2 0.343265625 0.6872499999999999 0.052953125000000004 0.057296875000000004
2 0.7778125 0.8108437500000001 0.058734375000000005 0.06621875
2 0.8832656249999999 0.745625 0.03528125 0.037343749999999995
2 0.9096249999999999 0.8442343749999999 0.045046875 0.05878124999999999
2 0.92446875 0.7926875 0.037234375 0.043187500000000004
2 0.9299375 0.731765625 0.023171875 0.03696875
2 0.575671875 0.897734375 0.0599375 0.048593750000000005
2 0.6729375 0.905546875 0.040390625 0.048593750000000005
2 0.7576875000000001 0.8887499999999999 0.045859375 0.0384375
2 0.819984375 0.8973437499999999 0.049359375 0.04
2 0.602046875 0.8258749999999999 0.035328125 0.033015625
2 0.675859375 0.8395468749999999 0.047031250000000004 0.04940625
2 0.222578125 0.759484375 0.100625 0.037734375
2 0.42471875 0.8186562500000001 0.046296875 0.04121875
2 0.438765625 0.915703125 0.099421875 0.037640625
2 0.353421875 0.793265625 0.057640625 0.038890625
2 0.16593750000000002 0.722203125 0.029546875 0.037359375
2 0.63621875 0.80771875 0.02946875 0.028718749999999998
2 0.430765625 0.86434375 0.0560625 0.024781249999999998
2 0.444046875 0.747 0.03575 0.043984375
2 0.413390625 0.68275 0.025203125 0.028796875
2 0.259296875 0.730796875 0.049062499999999995 0.023296875