2 0.21437499999999998 0.465984375 0.07640625 0.243703125
2 0.098375 0.0390625 0.14776562499999998 0.078125
2 0.097390625 0.25103125 0.13228125 0.04271875
2 0.039578125 0.46854687500000003 0.07915625 0.073046875
2 0.044140625 0.541796875 0.08828125 0.0890625
2 0.128453125 0.50621875 0.076421875 0.160109375
2 0.224328125 0.706765625 0.11585937500000001 0.11196874999999999
2 0.116921875 0.823140625 0.11196874999999999 0.110328125
2 0.035875000000000004 0.82528125 0.07175000000000001 0.10604687500000001
2 0.733671875 0.937703125 0.09701562500000001 0.093359375
1 0.412796875 0.523609375 0.070484375 0.08785937499999999
2 0.327640625 0.5491875 0.146703125 0.074171875
2 0.694796875 0.2281875 0.240375 0.10403124999999999