2 0.534375 0.2140625 0.24375 0.0765625
2 0.9609375 0.0984375 0.078125 0.1484375
2 0.74921875 0.09765625 0.0421875 0.1328125
2 0.53125 0.03984375 0.0734375 0.0796875
2 0.4578125 0.04375 0.0890625 0.0875
2 0.49375 0.128125 0.159375 0.0765625
2 0.29296875 0.22421875 0.1125 0.115625
2 0.1765625 0.1171875 0.1109375 0.1125
2 0.175 0.0359375 0.10625 0.071875
2 0.0625 0.73359375 0.09375 0.096875
1 0.4765625 0.4125 0.0875 0.0703125
2 0.45078125 0.32734375 0.0734375 0.146875
2 0.771875 0.69453125 0.1046875 0.240625