2 0.83671875 0.9609375 0.09375 0.0546875
2 0.36015625 0.57109375 0.215625 0.13125
2 0.278125 0.69921875 0.0671875 0.0578125
2 0.3421875 0.6984375 0.0703125 0.0484375
2 0.42734375 0.4640625 0.2078125 0.1125
2 0.64609375 0.47578125 0.0984375 0.1140625
2 0.26796875 0.26015625 0.0609375 0.08125
2 0.1625 0.61015625 0.1671875 0.196875
2 0.12109375 0.925 0.21875 0.15
2 0.125 0.17578125 0.2421875 0.1375
2 0.56171875 0.14921875 0.1875 0.15625
2 0.92890625 0.73046875 0.0921875 0.0625
2 0.78203125 0.68984375 0.1640625 0.084375
2 0.8109375 0.56328125 0.15625 0.075
2 0.63671875 0.60078125 0.096875 0.0875
2 0.71328125 0.03046875 0.09375 0.05625
2 0.59296875 0.278125 0.1453125 0.0984375
2 0.70078125 0.87578125 0.084375 0.053125
2 0.9703125 0.85 0.059375 0.0765625
2 0.6390625 0.75390625 0.14375 0.0734375
2 0.846875 0.8609375 0.10625 0.0734375
2 0.815625 0.0359375 0.078125 0.053125
2 0.05390625 0.4953125 0.071875 0.0421875