2 0.039 0.8364218749999999 0.055343750000000004 0.093140625
2 0.429203125 0.35996875 0.1310625 0.21525
2 0.3005 0.277984375 0.05725 0.06690625
2 0.301875 0.34203125 0.048265625 0.069984375
2 0.535640625 0.42771875000000004 0.113078125 0.20779687500000002
2 0.523921875 0.64603125 0.113453125 0.09912499999999999
2 0.7401093750000001 0.26821875 0.08101562500000001 0.0614375
2 0.3899375 0.162375 0.1970625 0.16693750000000002
2 0.075390625 0.121171875 0.15078125 0.21812499999999999
2 0.8244843749999999 0.12507812499999998 0.137234375 0.241546875
2 0.851046875 0.561484375 0.155984375 0.18703125
2 0.26984375 0.9291562499999999 0.062343749999999996 0.091921875
2 0.310265625 0.781921875 0.08459375 0.164640625
2 0.436625 0.8110156249999999 0.07559375 0.156421875
2 0.399515625 0.6364687499999999 0.0873125 0.096375
2 0.9697812499999999 0.7130156249999999 0.05596875 0.09321874999999999
2 0.72175 0.592921875 0.098984375 0.146
2 0.12454687499999999 0.700515625 0.05298437499999999 0.08384375
2 0.15031250000000002 0.969921875 0.076421875 0.06015625
2 0.2458125 0.639 0.072890625 0.14440625
2 0.138984375 0.846765625 0.074078125 0.1068125
2 0.964453125 0.81553125 0.05234375 0.078703125
2 0.504984375 0.05404687500000001 0.042375 0.072390625