2 0.16328125 0.0390625 0.09375 0.0546875
2 0.63984375 0.42890625 0.215625 0.13125
2 0.721875 0.30078125 0.0671875 0.0578125
2 0.6578125 0.3015625 0.0703125 0.0484375
2 0.57265625 0.5359375 0.2078125 0.1125
2 0.35390625 0.52421875 0.0984375 0.1140625
2 0.73203125 0.73984375 0.0609375 0.08125
2 0.8375 0.38984375 0.1671875 0.196875
2 0.87890625 0.075 0.21875 0.15
2 0.875 0.82421875 0.2421875 0.1375
2 0.43828125 0.85078125 0.1875 0.15625
2 0.07109375 0.26953125 0.0921875 0.0625
2 0.21796875 0.31015625 0.1640625 0.084375
2 0.1890625 0.43671875 0.15625 0.075
2 0.36328125 0.39921875 0.096875 0.0875
2 0.28671875 0.96953125 0.09375 0.05625
2 0.40703125 0.721875 0.1453125 0.0984375
2 0.29921875 0.12421875 0.084375 0.053125
2 0.0296875 0.15 0.059375 0.0765625
2 0.3609375 0.24609375 0.14375 0.0734375
2 0.153125 0.1390625 0.10625 0.0734375
2 0.184375 0.9640625 0.078125 0.053125
2 0.94609375 0.5046875 0.071875 0.0421875