1 0.29328125 0.39631249999999996 0.046703125 0.061375
2 0.384484375 0.5445156250000001 0.061140625000000004 0.064796875
2 0.288390625 0.562078125 0.07209375 0.060890625
2 0.391703125 0.073359375 0.0404375 0.02953125
2 0.18742187500000002 0.18562499999999998 0.0615625 0.042359375
2 0.27453125 0.058515625 0.071703125 0.037343749999999995
2 0.145046875 0.05421875 0.04321875 0.033437499999999995
2 0.8375625 0.6275000000000001 0.061078125000000004 0.054984374999999995
2 0.9330624999999999 0.6659531249999999 0.07628125 0.065515625
2 0.637 0.9438124999999999 0.12476562499999999 0.093859375
2 0.454203125 0.329734375 0.0716875 0.057109375