2 0.04140625 0.6421875 0.0828125 0.0921875
2 0.05703125 0.453125 0.096875 0.065625
2 0.584375 0.83046875 0.140625 0.1953125
2 0.7671875 0.84375 0.1203125 0.1703125
2 0.9390625 0.87578125 0.121875 0.1078125
2 0.31796875 0.41796875 0.071875 0.078125
2 0.33984375 0.4609375 0.0671875 0.0515625
2 0.39140625 0.48203125 0.075 0.06875
2 0.9671875 0.50390625 0.065625 0.08125
2 0.859375 0.42421875 0.0546875 0.046875
2 0.8203125 0.60625 0.0953125 0.084375
2 0.8953125 0.60625 0.0734375 0.0828125
2 0.503125 0.62890625 0.0796875 0.08125
2 0.57109375 0.625 0.0625 0.078125
2 0.6390625 0.61640625 0.0890625 0.084375
2 0.6109375 0.4796875 0.1015625 0.1515625
2 0.47890625 0.5046875 0.090625 0.090625
2 0.42578125 0.4078125 0.078125 0.06875
2 0.51640625 0.4296875 0.078125 0.0859375
2 0.75625 0.7390625 0.09375 0.1140625
2 0.82734375 0.7046875 0.0875 0.1078125
2 0.9546875 0.71015625 0.0828125 0.071875
2 0.88828125 0.73359375 0.128125 0.1703125
2 0.90234375 0.50859375 0.05 0.028125
2 0.75234375 0.475 0.128125 0.0625
2 0.7890625 0.51953125 0.0703125 0.034375
2 0.69140625 0.58515625 0.071875 0.05625
2 0.68984375 0.54375 0.078125 0.04375
2 0.69453125 0.40703125 0.05625 0.0515625