2 0.3578125 0.04140625 0.0921875 0.0828125
2 0.546875 0.05703125 0.065625 0.096875
2 0.16953125 0.584375 0.1953125 0.140625
2 0.15625 0.7671875 0.1703125 0.1203125
2 0.12421875 0.9390625 0.1078125 0.121875
2 0.58203125 0.31796875 0.078125 0.071875
2 0.5390625 0.33984375 0.0515625 0.0671875
2 0.51796875 0.39140625 0.06875 0.075
2 0.49609375 0.9671875 0.08125 0.065625
2 0.57578125 0.859375 0.046875 0.0546875
2 0.39375 0.8203125 0.084375 0.0953125
2 0.39375 0.8953125 0.0828125 0.0734375
2 0.37109375 0.503125 0.08125 0.0796875
2 0.375 0.57109375 0.078125 0.0625
2 0.38359375 0.6390625 0.084375 0.0890625
2 0.5203125 0.6109375 0.1515625 0.1015625
2 0.4953125 0.47890625 0.090625 0.090625
2 0.5921875 0.42578125 0.06875 0.078125
2 0.5703125 0.51640625 0.0859375 0.078125
2 0.2609375 0.75625 0.1140625 0.09375
2 0.2953125 0.82734375 0.1078125 0.0875
2 0.28984375 0.9546875 0.071875 0.0828125
2 0.26640625 0.88828125 0.1703125 0.128125
2 0.49140625 0.90234375 0.028125 0.05
2 0.525 0.75234375 0.0625 0.128125
2 0.48046875 0.7890625 0.034375 0.0703125
2 0.41484375 0.69140625 0.05625 0.071875
2 0.45625 0.68984375 0.04375 0.078125
2 0.59296875 0.69453125 0.0515625 0.05625