2 0.041203125 0.6419374999999999 0.082421875 0.0916875
2 0.057359375000000004 0.45332812499999997 0.096984375 0.066015625
2 0.5840625 0.8305468749999999 0.140015625 0.19546875
2 0.7674531250000001 0.8434375 0.1200625 0.1696875
2 0.938859375 0.8760468749999999 0.122265625 0.107578125
2 0.317890625 0.41798437499999996 0.072484375 0.077375
2 0.3395625 0.46076562499999996 0.067734375 0.05192187499999999
2 0.391515625 0.481828125 0.07520312500000001 0.06834375000000001
2 0.966984375 0.503703125 0.066015625 0.080828125
2 0.8596406249999999 0.42403124999999997 0.054421874999999995 0.046515625
2 0.820375 0.60659375 0.095453125 0.08429687500000001
2 0.8953749999999999 0.6060156250000001 0.073296875 0.08234375000000001
2 0.50321875 0.6286562499999999 0.079875 0.080765625
2 0.571 0.625359375 0.061921875 0.078171875
2 0.63934375 0.6161875 0.08928125 0.0848125
2 0.610828125 0.47946875 0.102125 0.151140625
2 0.479203125 0.504875 0.090421875 0.09098437499999999
2 0.426078125 0.40803124999999996 0.0779375 0.06917187500000001
2 0.516296875 0.42970312499999996 0.078703125 0.085171875
2 0.7559375 0.73878125 0.09310937500000001 0.1135
2 0.827609375 0.704421875 0.08775 0.10728125
2 0.954953125 0.709890625 0.083078125 0.07134375
2 0.888546875 0.733890625 0.128375 0.170140625
2 0.90240625 0.508390625 0.050124999999999996 0.027718749999999997
2 0.752625 0.4751875 0.128359375 0.062890625
2 0.789328125 0.519328125 0.070546875 0.033953125
2 0.691296875 0.584921875 0.0713125 0.055796875
2 0.689921875 0.543921875 0.077953125 0.044109375
2 0.6948125 0.40725 0.05646875 0.051984375000000006