2 0.06348958333333334 0.15608333333333332 0.08627083333333332 0.042324074074074076
2 0.19703125000000002 0.3300277777777778 0.07210416666666666 0.07010185185185185
2 0.021338541666666665 0.5886203703703704 0.04267708333333333 0.042324074074074076
2 0.46039583333333334 0.49537037037037035 0.07650520833333332 0.11508333333333334
2 0.5076354166666667 0.5793611111111111 0.06830729166666667 0.10317592592592593
2 0.6259270833333334 0.35317592592592595 0.054890625 0.042324074074074076
2 0.7018072916666667 0.2837314814814815 0.09058333333333332 0.04894444444444444
2 0.807828125 0.2506574074074074 0.030296875 0.08333333333333333
2 0.8878020833333333 0.3882314814814815 0.025067708333333334 0.09126851851851851
2 0.750546875 0.38360185185185186 0.09467708333333333 0.10052777777777777
2 0.8070833333333333 0.4074074074074074 0.03327083333333333 0.04762037037037037
2 0.725984375 0.5059537037037036 0.10471354166666667 0.07275
2 0.6076979166666666 0.6091296296296297 0.03927083333333334 0.06481481481481481
2 0.5913333333333333 0.5714259259259259 0.025885416666666668 0.044972222222222226
2 0.755 0.7797592592592593 0.10619270833333333 0.10978703703703703
2 0.9168125 0.8406111111111111 0.057796875 0.11508333333333334
2 0.2881666666666666 0.6679907407407407 0.07728645833333332 0.11904629629629629