2 0.06354166666666666 0.15601851851851853 0.08645833333333333 0.04259259259259259
2 0.19713541666666667 0.3300925925925926 0.071875 0.07037037037037037
2 0.021354166666666667 0.5884259259259259 0.042708333333333334 0.04259259259259259
2 0.46041666666666664 0.49537037037037035 0.0765625 0.11481481481481481
2 0.5075520833333333 0.5791666666666667 0.06822916666666666 0.10277777777777777
2 0.6260416666666667 0.35324074074074074 0.0546875 0.04259259259259259
2 0.7018229166666666 0.28379629629629627 0.090625 0.049074074074074076
2 0.8078125 0.25046296296296294 0.030208333333333334 0.08333333333333333
2 0.8877604166666667 0.38842592592592595 0.025 0.09166666666666666
2 0.7505208333333333 0.3837962962962963 0.09479166666666666 0.10092592592592593
2 0.80703125 0.4074074074074074 0.03333333333333333 0.04722222222222222
2 0.7260416666666667 0.5060185185185185 0.1046875 0.07314814814814814
2 0.6078125 0.6092592592592593 0.0390625 0.06481481481481481
2 0.59140625 0.5712962962962963 0.026041666666666668 0.04537037037037037
2 0.7549479166666667 0.7796296296296297 0.10625 0.11018518518518519
2 0.9169270833333333 0.8407407407407408 0.0578125 0.11481481481481481
2 0.28828125 0.6680555555555555 0.07708333333333334 0.11944444444444445