2 0.72109375 0.9837962962962963 0.0390625 0.032407407407407406
2 0.7059895833333333 0.9875 0.0328125 0.025
2 0.6408854166666667 0.9861111111111112 0.03697916666666667 0.027777777777777776
2 0.6611979166666667 0.9365740740740741 0.010416666666666666 0.024074074074074074
2 0.62734375 0.9736111111111111 0.011458333333333333 0.028703703703703703
2 0.5270833333333333 0.8726851851851852 0.0109375 0.024074074074074074
2 0.6885416666666667 0.9513888888888888 0.020833333333333332 0.09722222222222222
2 0.6528645833333333 0.6851851851851852 0.033854166666666664 0.06296296296296296
2 0.5609375 0.7148148148148148 0.019270833333333334 0.08888888888888889
2 0.6299479166666667 0.7662037037037037 0.016666666666666666 0.05555555555555555
2 0.6338541666666667 0.7226851851851852 0.019270833333333334 0.03796296296296296
2 0.6263020833333334 0.600925925925926 0.025520833333333333 0.05277777777777778
2 0.6377604166666667 0.48703703703703705 0.019791666666666666 0.06759259259259259
2 0.6872395833333333 0.4949074074074074 0.052083333333333336 0.16574074074074074
2 0.6703125 0.4861111111111111 0.015625 0.06388888888888888
2 0.53984375 0.3296296296296296 0.00625 0.018518518518518517
2 0.4940104166666667 0.3486111111111111 0.0140625 0.03888888888888889
2 0.56171875 0.30462962962962964 0.0296875 0.037037037037037035
2 0.5018229166666667 0.1050925925925926 0.0140625 0.04351851851851852
2 0.46822916666666664 0.4236111111111111 0.0067708333333333336 0.021296296296296296
2 0.4510416666666667 0.49907407407407406 0.030729166666666665 0.04814814814814815
2 0.45338541666666665 0.4675925925925926 0.03125 0.04814814814814815
2 0.44088541666666664 0.35555555555555557 0.022916666666666665 0.10277777777777777
2 0.41302083333333334 0.3106481481481482 0.022395833333333334 0.07407407407407407
2 0.3848958333333333 0.5087962962962963 0.014583333333333334 0.06944444444444445
2 0.40234375 0.5564814814814815 0.024479166666666666 0.07222222222222222
2 0.3802083333333333 0.6652777777777777 0.013541666666666667 0.05092592592592592
2 0.36796875 0.8060185185185185 0.018229166666666668 0.08703703703703704
2 0.5393229166666667 0.6217592592592592 0.009895833333333333 0.037037037037037035
2 0.5127604166666667 0.7666666666666667 0.016666666666666666 0.05185185185185185
2 0.5018229166666667 0.7064814814814815 0.022395833333333334 0.02962962962962963
2 0.4786458333333333 0.9152777777777777 0.009375 0.032407407407407406
2 0.5028645833333333 0.8819444444444444 0.023958333333333335 0.12129629629629629
2 0.44817708333333334 0.9875 0.016145833333333335 0.025
2 0.5885416666666666 0.9717592592592592 0.041666666666666664 0.05648148148148148
2 0.5450520833333333 0.9490740740740741 0.030729166666666665 0.09074074074074075
2 0.540625 0.9939814814814815 0.015625 0.012037037037037037
2 0.48854166666666665 0.9263888888888889 0.0140625 0.053703703703703705
2 0.42682291666666666 0.8388888888888889 0.014583333333333334 0.049074074074074076
2 0.39947916666666666 0.7949074074074074 0.009895833333333333 0.03333333333333333
2 0.40963541666666664 0.8277777777777777 0.009375 0.02962962962962963
2 0.5111979166666667 0.38425925925925924 0.018229166666666668 0.0787037037037037
2 0.5690104166666666 0.15555555555555556 0.022395833333333334 0.10555555555555556
2 0.5630208333333333 0.034722222222222224 0.0171875 0.053703703703703705
2 0.4583333333333333 0.047685185185185185 0.035416666666666666 0.09537037037037037
2 0.525 0.011574074074074073 0.011458333333333333 0.023148148148148147
2 0.4088541666666667 0.017592592592592594 0.014583333333333334 0.03518518518518519
2 0.34609375 0.2638888888888889 0.015104166666666667 0.046296296296296294
2 0.39166666666666666 0.16898148148148148 0.008333333333333333 0.021296296296296296
2 0.31302083333333336 0.037037037037037035 0.014583333333333334 0.07407407407407407
2 0.31953125 0.07268518518518519 0.014583333333333334 0.07037037037037037
2 0.3390625 0.11712962962962963 0.009895833333333333 0.027777777777777776
2 0.5364583333333334 0.21435185185185185 0.022916666666666665 0.08981481481481482
2 0.53125 0.29259259259259257 0.008854166666666666 0.026851851851851852
2 0.63203125 0.8240740740740741 0.0125 0.041666666666666664
2 0.62734375 0.8782407407407408 0.027083333333333334 0.06574074074074074
2 0.41822916666666665 0.7620370370370371 0.010416666666666666 0.028703703703703703
2 0.45598958333333334 0.7893518518518519 0.010416666666666666 0.037037037037037035
2 0.446875 0.41574074074074074 0.008854166666666666 0.02962962962962963