2 0.4171875 0.350462962962963 0.023958333333333335 0.07407407407407407
2 0.4440104166666667 0.3972222222222222 0.023958333333333335 0.10185185185185185
2 0.47239583333333335 0.4601851851851852 0.008854166666666666 0.018518518518518517
2 0.4518229166666667 0.5314814814814814 0.030208333333333334 0.04814814814814815
2 0.4557291666666667 0.4986111111111111 0.028645833333333332 0.05
2 0.38671875 0.549537037037037 0.015625 0.06851851851851852
2 0.49583333333333335 0.38796296296296295 0.013541666666666667 0.03981481481481482
2 0.5265625 0.35324074074074074 0.011979166666666667 0.040740740740740744
2 0.5421875 0.36666666666666664 0.0078125 0.019444444444444445
2 0.5338541666666666 0.33055555555555555 0.009895833333333333 0.025925925925925925
2 0.5598958333333334 0.3458333333333333 0.020833333333333332 0.037037037037037035
2 0.53984375 0.25462962962962965 0.0234375 0.0962962962962963
2 0.55078125 0.25277777777777777 0.011458333333333333 0.037037037037037035
2 0.5572916666666666 0.23842592592592593 0.016145833333333335 0.07314814814814814
2 0.5036458333333333 0.1439814814814815 0.011979166666666667 0.03888888888888889
2 0.46145833333333336 0.08796296296296297 0.03177083333333333 0.10185185185185185
2 0.5236979166666667 0.018055555555555554 0.019270833333333334 0.03611111111111111
2 0.52734375 0.05 0.008333333333333333 0.026851851851851852
2 0.5651041666666666 0.07546296296296297 0.019270833333333334 0.04814814814814815
2 0.3841145833333333 0.06157407407407407 0.013541666666666667 0.03796296296296296
2 0.31328125 0.06759259259259259 0.013541666666666667 0.09907407407407408
2 0.3221354166666667 0.11574074074074074 0.015104166666666667 0.07314814814814814
2 0.39375 0.21157407407407408 0.005729166666666666 0.018518518518518517
2 0.3416666666666667 0.15694444444444444 0.005729166666666666 0.024074074074074074
2 0.32083333333333336 0.3 0.0067708333333333336 0.03611111111111111
2 0.3 0.3773148148148148 0.009895833333333333 0.03611111111111111
2 0.3265625 0.33935185185185185 0.016145833333333335 0.07962962962962963
2 0.32916666666666666 0.4125 0.015104166666666667 0.041666666666666664
2 0.42994791666666665 0.8777777777777778 0.0140625 0.046296296296296294
2 0.3697916666666667 0.8476851851851852 0.017708333333333333 0.09259259259259259
2 0.53125 0.913425925925926 0.009375 0.022222222222222223
2 0.55 0.9694444444444444 0.028125 0.06111111111111111
2 0.4921875 0.9666666666666667 0.013541666666666667 0.05740740740740741
2 0.6669270833333333 0.9731481481481481 0.009895833333333333 0.025925925925925925
2 0.6953125 0.9685185185185186 0.023958333333333335 0.06296296296296296
2 0.6106770833333334 0.8481481481481481 0.018229166666666668 0.058333333333333334
2 0.634375 0.8050925925925926 0.0171875 0.05462962962962963
2 0.615625 0.7925925925925926 0.021354166666666667 0.06111111111111111
2 0.6057291666666667 0.7398148148148148 0.008854166666666666 0.03518518518518519
2 0.6291666666666667 0.6393518518518518 0.027083333333333334 0.053703703703703705
2 0.5651041666666666 0.7555555555555555 0.020833333333333332 0.09444444444444444
2 0.5645833333333333 0.8268518518518518 0.011979166666666667 0.04537037037037037
2 0.5421875 0.663425925925926 0.0109375 0.032407407407407406
2 0.6421875 0.524074074074074 0.021354166666666667 0.0712962962962963
2 0.6578125 0.7273148148148149 0.034895833333333334 0.06388888888888888
2 0.6739583333333333 0.5208333333333334 0.016145833333333335 0.05925925925925926
2 0.6919270833333333 0.5296296296296297 0.05 0.16666666666666666
2 0.6447916666666667 0.3648148148148148 0.0203125 0.05925925925925926
2 0.5059895833333333 0.4361111111111111 0.008854166666666666 0.023148148148148147
2 0.41041666666666665 0.050462962962962966 0.0171875 0.05925925925925926
2 0.34791666666666665 0.3055555555555556 0.014583333333333334 0.05
2 0.50703125 0.9222222222222223 0.021354166666666667 0.12129629629629629
2 0.4828125 0.9527777777777777 0.011979166666666667 0.03796296296296296
2 0.3927083333333333 0.9912037037037037 0.01875 0.017592592592592594
2 0.40260416666666665 0.8384259259259259 0.009895833333333333 0.032407407407407406
2 0.4125 0.8675925925925926 0.008854166666666666 0.030555555555555555
2 0.42083333333333334 0.8027777777777778 0.010416666666666666 0.03148148148148148
2 0.3828125 0.7050925925925926 0.0125 0.05462962962962963
2 0.5184895833333333 0.9532407407407407 0.015104166666666667 0.049074074074074076
2 0.6361979166666667 0.7601851851851852 0.017708333333333333 0.037037037037037035
2 0.6364583333333333 0.8638888888888889 0.0125 0.046296296296296294
2 0.46015625 0.8277777777777777 0.010416666666666666 0.03888888888888889