2 0.21534375 0.5274629629629629 0.024182291666666668 0.056574074074074075
2 0.22820312499999998 0.535537037037037 0.029093749999999998 0.05131481481481481
2 0.17763020833333334 0.4485277777777778 0.041838541666666666 0.04472222222222222
2 0.111078125 0.41076851851851853 0.031390625 0.023703703703703706
2 0.20614583333333333 0.41174074074074074 0.040828125 0.029546296296296296
2 0.282828125 0.5102407407407407 0.06058854166666667 0.03963888888888889
2 0.31091145833333333 0.4563148148148148 0.0411875 0.03693518518518519
2 0.26539583333333333 0.5602777777777778 0.011489583333333333 0.013185185185185185
2 0.15331250000000002 0.8716388888888889 0.04138541666666666 0.04599074074074074
2 0.21608854166666666 0.8829259259259259 0.041 0.037425925925925925
2 0.07499479166666667 0.7552314814814814 0.05449479166666667 0.03901851851851852
2 0.047796874999999996 0.8938240740740742 0.031864583333333335 0.028074074074074074
2 0.09311458333333333 0.9344074074074074 0.03488541666666667 0.06057407407407408
2 0.05348958333333333 0.8581018518518518 0.038864583333333334 0.04035185185185185
2 0.04725520833333333 0.6671481481481482 0.028578125 0.028333333333333335
2 0.026255208333333332 0.3961574074074074 0.052510416666666664 0.03147222222222222
2 0.130828125 0.7049074074074073 0.022697916666666665 0.014296296296296297
2 0.2134322916666667 0.9671481481481481 0.09920833333333333 0.06569444444444444
2 0.27131249999999996 0.9337500000000001 0.07150520833333333 0.10987037037037037
2 0.32060416666666663 0.7218518518518519 0.021151041666666665 0.0442962962962963
2 0.31496875 0.6899351851851852 0.013166666666666667 0.019398148148148147
2 0.278625 0.6811759259259259 0.010572916666666666 0.013555555555555557
2 0.331109375 0.6699814814814815 0.015890625000000002 0.020370370370370372
2 0.31863020833333333 0.6606388888888889 0.02596875 0.025046296296296296
2 0.307578125 0.6046666666666667 0.023572916666666666 0.02798148148148148
2 0.3783958333333333 0.697037037037037 0.018473958333333332 0.02387037037037037
2 0.3745052083333333 0.6751388888888888 0.05339583333333333 0.044314814814814814
2 0.38501562500000003 0.709787037037037 0.04375 0.03574074074074074
2 0.40808854166666664 0.6108888888888889 0.04061979166666666 0.05014814814814814
2 0.43633333333333335 0.603 0.022640625 0.028537037037037038
2 0.46265625 0.5261111111111112 0.059958333333333336 0.05775925925925926
2 0.5195677083333333 0.6301574074074074 0.05769791666666667 0.03807407407407407
2 0.48673958333333334 0.642712962962963 0.013942708333333333 0.014518518518518517
2 0.5238489583333333 0.6935185185185185 0.020260416666666666 0.026564814814814815
2 0.47415104166666666 0.7146388888888888 0.030375 0.03571296296296296
2 0.6084583333333333 0.5958981481481482 0.023026041666666667 0.024064814814814813
2 0.5596979166666666 0.5671851851851851 0.016395833333333335 0.019203703703703702
2 0.62 0.5378888888888889 0.055963541666666665 0.040435185185185185
2 0.6913229166666667 0.4987685185185185 0.020104166666666666 0.02059259259259259
2 0.71965625 0.5678703703703704 0.020921875 0.01473148148148148
2 0.7862083333333333 0.4637222222222222 0.018234375 0.02060185185185185
2 0.7739479166666666 0.5957037037037037 0.015614583333333333 0.012
2 0.6373385416666667 0.47102777777777777 0.022744791666666667 0.021574074074074075
2 0.8687239583333334 0.5177407407407407 0.034333333333333334 0.03712962962962963
2 0.9222187500000001 0.47112037037037036 0.047140625000000005 0.035388888888888886
2 0.9670052083333334 0.3440740740740741 0.05347916666666667 0.026601851851851852
2 0.8250052083333334 0.3108888888888889 0.04873958333333333 0.032259259259259265
2 0.8113177083333334 0.36314814814814816 0.07611458333333333 0.08032407407407408
2 0.702359375 0.3598425925925926 0.019177083333333334 0.015305555555555557
2 0.656765625 0.37006481481481485 0.016703125 0.018222222222222223
2 0.9820364583333333 0.2973611111111111 0.022223958333333335 0.018833333333333334
2 0.6498072916666667 0.2922962962962963 0.03672916666666667 0.024287037037037038
2 0.5442291666666667 0.29891666666666666 0.03364583333333333 0.02973148148148148
2 0.5381458333333333 0.3725925925925926 0.05543229166666667 0.05053703703703703
2 0.4470989583333333 0.27497222222222223 0.03979166666666667 0.024675925925925924
2 0.034026041666666666 0.4579722222222222 0.017458333333333336 0.018824074074074073
2 0.053890625 0.4895092592592592 0.018859375 0.019592592592592592
2 0.07397916666666667 0.43451851851851847 0.020703125 0.020583333333333335
2 0.013010416666666667 0.47665740740740736 0.01922916666666667 0.01725925925925926
2 0.08700520833333333 0.8346666666666667 0.01828645833333333 0.01877777777777778
2 0.02225520833333333 0.8520833333333333 0.036625 0.03220370370370371
2 0.012994791666666667 0.9050277777777778 0.024489583333333335 0.03146296296296296
2 0.04525520833333333 0.5624814814814815 0.023963541666666664 0.020194444444444442
2 0.035875 0.7604814814814815 0.027723958333333333 0.022574074074074073
2 0.7680364583333333 0.6968518518518518 0.054171875 0.02790740740740741
2 0.83453125 0.5143703703703704 0.029614583333333333 0.020805555555555553
2 0.9233958333333334 0.3842685185185185 0.01509375 0.015055555555555556
2 0.9420885416666667 0.3708240740740741 0.015182291666666665 0.014675925925925926
2 0.8014739583333333 0.25056481481481485 0.024822916666666663 0.020398148148148148