2 0.31614583333333335 0.5662037037037037 0.0515625 0.18703703703703703
2 0.353125 0.4101851851851852 0.0390625 0.08055555555555556
2 0.3138020833333333 0.42592592592592593 0.019791666666666666 0.05092592592592592
2 0.3372395833333333 0.07916666666666666 0.03333333333333333 0.08148148148148149
2 0.29921875 0.09675925925925925 0.05364583333333333 0.1935185185185185
2 0.2984375 0.1912037037037037 0.027083333333333334 0.075
2 0.3302083333333333 0.15 0.04375 0.16666666666666666
2 0.32317708333333334 0.25925925925925924 0.026041666666666668 0.09444444444444444
2 0.346875 0.2865740740740741 0.018229166666666668 0.10833333333333334
2 0.42291666666666666 0.12731481481481483 0.019791666666666666 0.06111111111111111
2 0.5223958333333333 0.008796296296296297 0.014583333333333334 0.017592592592592594
2 0.5239583333333333 0.06620370370370371 0.009895833333333333 0.05
2 0.3875 0.2986111111111111 0.009895833333333333 0.027777777777777776
2 0.35546875 0.3365740740740741 0.011458333333333333 0.027777777777777776
2 0.48984375 0.3 0.020833333333333332 0.07037037037037037
2 0.44296875 0.24537037037037038 0.028645833333333332 0.1111111111111111
2 0.4984375 0.4203703703703704 0.022395833333333334 0.09351851851851851
2 0.4921875 0.8263888888888888 0.0296875 0.06481481481481481
2 0.5255208333333333 0.9629629629629629 0.034375 0.07407407407407407
2 0.5447916666666667 0.8824074074074074 0.026041666666666668 0.10185185185185185
2 0.5463541666666667 0.9902777777777778 0.015625 0.019444444444444445
2 0.5596354166666667 0.9680555555555556 0.013020833333333334 0.04351851851851852
2 0.5981770833333333 0.8481481481481481 0.013020833333333334 0.040740740740740744
2 0.5958333333333333 0.9319444444444445 0.0140625 0.07407407407407407
2 0.5625 0.9055555555555556 0.017708333333333333 0.06574074074074074
2 0.5119791666666667 0.6888888888888889 0.03125 0.09444444444444444
2 0.46953125 0.49537037037037035 0.027083333333333334 0.07407407407407407
2 0.4510416666666667 0.43796296296296294 0.019791666666666666 0.037037037037037035
2 0.4127604166666667 0.3763888888888889 0.041666666666666664 0.10185185185185185
2 0.36692708333333335 0.09305555555555556 0.024479166666666666 0.10925925925925926
2 0.3619791666666667 0.1425925925925926 0.015625 0.08425925925925926
2 0.43645833333333334 0.15648148148148147 0.026041666666666668 0.07037037037037037
2 0.38776041666666666 0.6305555555555555 0.0140625 0.028703703703703703
2 0.2916666666666667 0.8722222222222222 0.027604166666666666 0.041666666666666664
2 0.35546875 0.7435185185185185 0.015104166666666667 0.03611111111111111
2 0.38359375 0.7444444444444445 0.013020833333333334 0.03981481481481482
2 0.34817708333333336 0.9106481481481481 0.01875 0.05277777777777778
2 0.45390625 0.3921296296296296 0.0171875 0.03148148148148148
2 0.44375 0.3578703703703704 0.020833333333333332 0.09351851851851851
2 0.4388020833333333 0.3416666666666667 0.009895833333333333 0.025925925925925925
2 0.378125 0.33287037037037037 0.019791666666666666 0.05740740740740741
2 0.36666666666666664 0.27037037037037037 0.026041666666666668 0.14537037037037037
2 0.3580729166666667 0.2550925925925926 0.017708333333333333 0.037037037037037035