2 0.5466145833333333 0.30324074074074076 0.026041666666666668 0.019444444444444445
2 0.5645833333333333 0.4486111111111111 0.07708333333333334 0.08611111111111111
2 0.42213541666666665 0.48055555555555557 0.046875 0.025925925925925925
2 0.86328125 0.0837962962962963 0.021354166666666667 0.03148148148148148
2 0.9567708333333333 0.17546296296296296 0.027604166666666666 0.02962962962962963
2 0.7729166666666667 0.19814814814814816 0.024479166666666666 0.027777777777777776
2 0.76328125 0.26296296296296295 0.059375 0.044444444444444446
2 0.68828125 0.30787037037037035 0.022916666666666665 0.019444444444444445
2 0.8497395833333333 0.43425925925925923 0.058333333333333334 0.037037037037037035
2 0.4640625 0.35462962962962963 0.0421875 0.04259259259259259
2 0.25234375 0.41805555555555557 0.0421875 0.041666666666666664
2 0.225 0.4398148148148148 0.05625 0.03796296296296296
2 0.06822916666666666 0.5425925925925926 0.03333333333333333 0.03333333333333333
2 0.13072916666666667 0.575 0.026041666666666668 0.03518518518518519
2 0.6770833333333334 0.45 0.018229166666666668 0.01574074074074074
2 0.7276041666666667 0.43472222222222223 0.016666666666666666 0.021296296296296296
2 0.6083333333333333 0.1125 0.052083333333333336 0.032407407407407406
2 0.4088541666666667 0.5277777777777778 0.021354166666666667 0.018518518518518517