2 0.3893229166666667 0.41712962962962963 0.0109375 0.046296296296296294
2 0.47109375 0.3851851851851852 0.0484375 0.13703703703703704
2 0.4890625 0.638425925925926 0.014583333333333334 0.08333333333333333
2 0.3302083333333333 0.018055555555555554 0.015625 0.03611111111111111
2 0.36666666666666664 0.04212962962962963 0.025 0.08425925925925926
2 0.3919270833333333 0.16527777777777777 0.0109375 0.040740740740740744
2 0.41822916666666665 0.5638888888888889 0.023958333333333335 0.075
2 0.45390625 0.9402777777777778 0.0234375 0.075
2 0.46588541666666666 0.9694444444444444 0.021354166666666667 0.06111111111111111
2 0.471875 0.18518518518518517 0.008854166666666666 0.032407407407407406
2 0.46328125 0.09537037037037037 0.011979166666666667 0.02962962962962963
2 0.28203125 0.3074074074074074 0.018229166666666668 0.09259259259259259
2 0.515625 0.6620370370370371 0.010416666666666666 0.03796296296296296