2 0.45345833333333335 0.6965648148148148 0.02625 0.019
2 0.43534375000000003 0.551212962962963 0.07688541666666666 0.08627777777777779
2 0.5779010416666667 0.5196203703703705 0.04691145833333333 0.025907407407407407
2 0.13663541666666665 0.9161296296296296 0.021140625000000003 0.031453703703703706
2 0.04334895833333333 0.8246018518518519 0.027661458333333333 0.029898148148148146
2 0.2271979166666667 0.8019166666666667 0.024708333333333332 0.027935185185185188
2 0.23670312500000001 0.7370092592592593 0.05925520833333333 0.04410185185185186
2 0.31169270833333335 0.6919351851851852 0.022807291666666667 0.019064814814814816
2 0.15030729166666665 0.5655925925925926 0.05846875 0.03665740740740741
2 0.5360260416666667 0.645462962962963 0.042 0.042509259259259254
2 0.7475572916666666 0.5819444444444445 0.04226041666666667 0.04174074074074074
2 0.7751197916666667 0.56025 0.05632291666666667 0.03779629629629629
2 0.9318645833333333 0.4575648148148148 0.033567708333333335 0.03365740740740741
2 0.8691927083333333 0.4250185185185185 0.025859375 0.035638888888888894
2 0.3228854166666667 0.5501481481481482 0.018072916666666668 0.016129629629629633
2 0.2724114583333333 0.5653888888888889 0.016895833333333332 0.021722222222222223
2 0.3916354166666667 0.8875092592592593 0.05230729166666667 0.03239814814814815
2 0.5911614583333333 0.47244444444444444 0.021229166666666667 0.018268518518518517