2 0.29411764705882354 0.36813186813186816 0.23529411764705882 0.3021978021978022
2 0.10212418300653595 0.2664835164835165 0.15849673202614378 0.2857142857142857
2 0.6454248366013072 0.7458791208791209 0.16993464052287582 0.27197802197802196
2 0.0661764705882353 0.8447802197802198 0.12908496732026145 0.12362637362637363
2 0.5759803921568627 0.9244505494505495 0.03758169934640523 0.1510989010989011
2 0.6397058823529411 0.9684065934065934 0.10620915032679738 0.06318681318681318
2 0.7450980392156863 0.9656593406593407 0.09477124183006536 0.06868131868131869
2 0.8856209150326797 0.9587912087912088 0.1437908496732026 0.08241758241758242
2 0.2622549019607843 0.885989010989011 0.07026143790849673 0.09065934065934066
2 0.3700980392156863 0.8804945054945055 0.12908496732026145 0.08516483516483517
2 0.14869281045751634 0.9340659340659341 0.03594771241830065 0.13186813186813187
2 0.511437908496732 0.9423076923076923 0.08496732026143791 0.06043956043956044
2 0.30392156862745096 0.9217032967032966 0.09477124183006536 0.1565934065934066