2 0.7678125 0.572324074074074 0.053921875 0.030425925925925926
2 0.7403229166666667 0.5925462962962963 0.041875 0.035388888888888886
2 0.8623958333333334 0.43674999999999997 0.027453125000000002 0.036148148148148145
2 0.9249114583333333 0.47046296296296297 0.03567708333333333 0.0325925925925926
2 0.054802083333333335 0.7525462962962963 0.06846875000000001 0.05722222222222222
2 0.11640625 0.8635462962962963 0.06389583333333333 0.036083333333333335
2 0.21712499999999998 0.8145648148148148 0.02273958333333333 0.025083333333333332
2 0.30203125 0.7056759259259259 0.02184375 0.01672222222222222
2 0.26316666666666666 0.5768425925925926 0.014989583333333334 0.02173148148148148
2 0.3151041666666667 0.561675925925926 0.018036458333333335 0.01800925925925926
2 0.42840625 0.5604259259259259 0.08192187499999999 0.08295370370370371
2 0.44531770833333334 0.710462962962963 0.027890625 0.02275
2 0.5280104166666667 0.6555462962962963 0.04253125 0.03891666666666667
2 0.15283854166666666 0.5065740740740741 0.0309375 0.030268518518518518
2 0.12721354166666668 0.9292222222222222 0.019625 0.030759259259259257
2 0.22796875 0.7493703703703705 0.05840625 0.03844444444444445
2 0.38021875 0.8995833333333333 0.051432291666666664 0.03183333333333334
2 0.4795052083333333 0.714462962962963 0.035369791666666664 0.034305555555555554
2 0.141578125 0.5789444444444445 0.056442708333333334 0.03775925925925926
2 0.03345833333333333 0.8397222222222221 0.027078125 0.023287037037037037
2 0.5845 0.48386111111111113 0.020874999999999998 0.01662962962962963
2 0.26737500000000003 0.49943518518518515 0.035250000000000004 0.021453703703703704
2 0.39464583333333336 0.6645555555555556 0.022036458333333335 0.026435185185185187
2 0.436234375 0.5052962962962964 0.046406249999999996 0.025287037037037035
2 0.5711666666666667 0.5334444444444445 0.04858333333333333 0.02486111111111111
2 0.04542708333333333 0.48758333333333337 0.0463125 0.032768518518518516