2 0.7677083333333333 0.5722222222222222 0.05416666666666667 0.030555555555555555
2 0.7403645833333333 0.5925925925925926 0.041666666666666664 0.03518518518518519
2 0.8625 0.43657407407407406 0.027604166666666666 0.03611111111111111
2 0.925 0.4703703703703704 0.035416666666666666 0.032407407407407406
2 0.0546875 0.7527777777777778 0.06822916666666666 0.05740740740740741
2 0.11640625 0.8634259259259259 0.0640625 0.03611111111111111
2 0.2171875 0.8143518518518519 0.022916666666666665 0.025
2 0.3020833333333333 0.7055555555555556 0.021875 0.016666666666666666
2 0.26328125 0.5768518518518518 0.015104166666666667 0.021296296296296296
2 0.3151041666666667 0.5615740740740741 0.018229166666666668 0.017592592592592594
2 0.4283854166666667 0.5606481481481481 0.08177083333333333 0.08333333333333333
2 0.4453125 0.7106481481481481 0.028125 0.023148148148148147
2 0.528125 0.6555555555555556 0.042708333333333334 0.03888888888888889
2 0.15286458333333333 0.5064814814814815 0.030729166666666665 0.030555555555555555
2 0.12708333333333333 0.9291666666666667 0.019791666666666666 0.030555555555555555
2 0.22786458333333334 0.749537037037037 0.058333333333333334 0.03888888888888889
2 0.3802083333333333 0.899537037037037 0.0515625 0.03148148148148148
2 0.47942708333333334 0.7143518518518519 0.035416666666666666 0.03425925925925926
2 0.14166666666666666 0.5791666666666667 0.05625 0.03796296296296296
2 0.03333333333333333 0.8398148148148148 0.027083333333333334 0.023148148148148147
2 0.584375 0.4837962962962963 0.020833333333333332 0.016666666666666666
2 0.2674479166666667 0.49953703703703706 0.035416666666666666 0.021296296296296296
2 0.39453125 0.6643518518518519 0.021875 0.026851851851851852
2 0.4361979166666667 0.5050925925925925 0.04635416666666667 0.025
2 0.57109375 0.5333333333333333 0.0484375 0.025
2 0.0453125 0.4875 0.04635416666666667 0.032407407407407406