2 0.055288461538461536 0.19891826923076922 0.11057692307692307 0.13341346153846154
2 0.2620192307692308 0.24338942307692307 0.15384615384615385 0.09735576923076923
2 0.5552884615384616 0.5600961538461539 0.15865384615384615 0.28365384615384615
2 0.8263221153846154 0.7403846153846154 0.17668269230769232 0.0625
2 0.13040865384615385 0.7728365384615384 0.2608173076923077 0.07932692307692307
2 0.6081730769230769 0.7764423076923077 0.10096153846153846 0.12980769230769232
2 0.4182692307692308 0.8016826923076923 0.2548076923076923 0.10817307692307693
2 0.9525240384615384 0.8725961538461539 0.09254807692307693 0.1875
2 0.7914663461538461 0.8786057692307693 0.2512019230769231 0.23317307692307693
2 0.13822115384615385 0.9056490384615384 0.2764423076923077 0.1622596153846154
2 0.47716346153846156 0.9164663461538461 0.2860576923076923 0.11658653846153846