2 0.0550859375 0.2 0.110171875 0.1333375
2 0.2613671875 0.2421875 0.154046875 0.096875
2 0.5540859375 0.5583375 0.15825 0.28333749999999996
2 0.826109375 0.7395875 0.176265625 0.0625
2 0.130546875 0.7729125 0.2611015625 0.0791625
2 0.607421875 0.775 0.10114062500000001 0.13
2 0.4173984375 0.8 0.254671875 0.1083375
2 0.9536250000000001 0.8729125000000001 0.09275 0.1875
2 0.7909531249999999 0.8791625000000001 0.25178124999999996 0.23333749999999998
2 0.138359375 0.90625 0.2767109375 0.1625
2 0.47726562499999997 0.9166625 0.2858671875 0.1166625