2 0.055288461538461536 0.19951923076923078 0.11057692307692307 0.1346153846153846
2 0.2620192307692308 0.24278846153846154 0.15384615384615385 0.09615384615384616
2 0.5552884615384616 0.5600961538461539 0.15865384615384615 0.28365384615384615
2 0.8269230769230769 0.7403846153846154 0.1778846153846154 0.0625
2 0.12980769230769232 0.7728365384615384 0.25961538461538464 0.07932692307692307
2 0.6081730769230769 0.7764423076923077 0.10096153846153846 0.12980769230769232
2 0.4182692307692308 0.8016826923076923 0.2548076923076923 0.10817307692307693
2 0.9519230769230769 0.8725961538461539 0.09134615384615384 0.1875
2 0.7908653846153846 0.8786057692307693 0.25 0.23317307692307693
2 0.13822115384615385 0.90625 0.2764423076923077 0.16346153846153846
2 0.47716346153846156 0.9158653846153846 0.2860576923076923 0.11538461538461539