2 0.8004807692307693 0.055288461538461536 0.1346153846153846 0.11057692307692307
2 0.7572115384615384 0.2620192307692308 0.09615384615384616 0.15384615384615385
2 0.43990384615384615 0.5552884615384616 0.28365384615384615 0.15865384615384615
2 0.25961538461538464 0.8269230769230769 0.0625 0.1778846153846154
2 0.22716346153846154 0.1310096153846154 0.07932692307692307 0.25961538461538464
2 0.22355769230769232 0.6081730769230769 0.12980769230769232 0.10096153846153846
2 0.19831730769230768 0.4182692307692308 0.10817307692307693 0.2548076923076923
2 0.12740384615384615 0.9519230769230769 0.1875 0.09375
2 0.12139423076923077 0.7908653846153846 0.23317307692307693 0.25
2 0.09375 0.13822115384615385 0.16346153846153846 0.2764423076923077
2 0.08413461538461539 0.47716346153846156 0.11538461538461539 0.2860576923076923