2 0.3713942307692308 0.38100961538461536 0.0625 0.10817307692307693
2 0.37259615384615385 0.5264423076923077 0.057692307692307696 0.11057692307692307
2 0.3858173076923077 0.6899038461538461 0.08653846153846154 0.18028846153846154
2 0.2776442307692308 0.4651442307692308 0.0625 0.08413461538461539
2 0.27524038461538464 0.37740384615384615 0.07211538461538461 0.06971153846153846
2 0.28846153846153844 0.6165865384615384 0.11538461538461539 0.125
2 0.26802884615384615 0.7079326923076923 0.08653846153846154 0.0625
2 0.2668269230769231 0.7800480769230769 0.0889423076923077 0.08413461538461539
2 0.2439903846153846 0.9182692307692307 0.07451923076923077 0.08173076923076923
2 0.19110576923076922 0.6225961538461539 0.06490384615384616 0.24278846153846154
2 0.16826923076923078 0.9206730769230769 0.07932692307692307 0.15865384615384615