2 0.38139423076923074 0.6290144230769231 0.10901442307692308 0.06144230769230769
2 0.5269230769230769 0.6276682692307692 0.11163461538461537 0.058750000000000004
2 0.6898076923076922 0.614326923076923 0.18100961538461538 0.08548076923076924
2 0.46550480769230773 0.7225 0.08495192307692309 0.06144230769230769
2 0.3773798076923077 0.7251682692307693 0.06896634615384616 0.07211538461538461
2 0.6163942307692308 0.7118028846153847 0.12495192307692307 0.11485576923076923
2 0.7085096153846154 0.7318269230769231 0.06348557692307692 0.08548076923076924
2 0.780625 0.7331730769230769 0.08483173076923077 0.08814903846153846
2 0.9181490384615384 0.7558653846153847 0.0821153846153846 0.07478365384615385
2 0.6227163461538462 0.8089903846153846 0.24177884615384615 0.06471153846153846
2 0.9200961538461538 0.8311778846153846 0.15978365384615384 0.07951923076923076