2 0.6286057692307693 0.6189903846153846 0.0625 0.10817307692307693
2 0.6274038461538461 0.4735576923076923 0.057692307692307696 0.11057692307692307
2 0.6141826923076923 0.31009615384615385 0.08653846153846154 0.18028846153846154
2 0.7223557692307693 0.5348557692307693 0.0625 0.08413461538461539
2 0.7247596153846154 0.6225961538461539 0.07211538461538461 0.06971153846153846
2 0.7115384615384616 0.38341346153846156 0.11538461538461539 0.125
2 0.7319711538461539 0.2920673076923077 0.08653846153846154 0.0625
2 0.7331730769230769 0.21995192307692307 0.0889423076923077 0.08413461538461539
2 0.7560096153846154 0.08173076923076923 0.07451923076923077 0.08173076923076923
2 0.8088942307692307 0.37740384615384615 0.06490384615384616 0.24278846153846154
2 0.8317307692307693 0.07932692307692307 0.07932692307692307 0.15865384615384615