2 0.40060833333333334 0.1880625 0.047608333333333336 0.039775
2 0.2521583333333333 0.19375 0.0401 0.0193125
2 0.3188083333333333 0.1948875 0.035525 0.035225
2 0.608525 0.19545 0.03768333333333333 0.0318125
2 0.19724166666666668 0.19658750000000003 0.025725 0.0340875
2 0.25632499999999997 0.21705 0.045399999999999996 0.025
2 0.7210000000000001 0.2267 0.041425000000000003 0.0215875
2 0.22754166666666667 0.2284125 0.02723333333333333 0.027275
2 0.588075 0.2340875 0.046783333333333336 0.02955
2 0.4365833333333333 0.23806249999999998 0.075625 0.046587500000000004
2 0.5081666666666667 0.239775 0.014241666666666666 0.022725
2 0.3778916666666667 0.24886250000000001 0.035500000000000004 0.027275
2 0.7554666666666666 0.2590875 0.04974166666666666 0.052275
2 0.24988333333333335 0.25966249999999996 0.029491666666666666 0.0193125
2 0.5570166666666666 0.2613625 0.04225 0.0159125
2 0.210125 0.264775 0.03178333333333334 0.02045
2 0.2158 0.2875 0.026475 0.0340875
2 0.5289916666666666 0.29205 0.043775 0.0386375
2 0.5206666666666666 0.328975 0.0559 0.055687499999999994
2 0.6838916666666667 0.3301125 0.030833333333333334 0.046587500000000004
2 0.6221583333333334 0.33466250000000003 0.04828333333333333 0.035225
2 0.72555 0.352275 0.038391666666666664 0.022725
2 0.7744 0.35511249999999994 0.043675 0.0284125
2 0.466125 0.36363750000000006 0.04531666666666667 0.022725
2 0.46991666666666665 0.3926125 0.046825 0.0306875
2 0.5495328267415365 0.41818181818181815 0.5963189565460091 0.47045454545454546 0.6758327294996828 0.4079545454545454 0.6341826579525203 0.35909090909090907
2 0.7975 0.4238625 0.059574999999999996 0.0409125
2 0.50665 0.4306875 0.038483333333333335 0.0386375
2 0.4180333333333333 0.4494375 0.04609166666666667 0.046587500000000004
2 0.7149416666666666 0.4568125 0.03688333333333333 0.047725
2 0.6683583333333333 0.5965874999999999 0.045233333333333334 0.0340875
2 0.4718166666666666 0.6096625 0.059691666666666664 0.0306875
2 0.7660666666666667 0.6215875 0.058825 0.0363625
2 0.5755750000000001 0.6392 0.024816666666666667 0.046587500000000004
2 0.697525 0.6465875 0.038408333333333336 0.0340875
2 0.702825 0.6789749999999999 0.045975 0.0284125
2 0.6554833333333334 0.7471625000000001 0.027058333333333334 0.039775
2 0.656625 0.077275 0.050541666666666665 0.0340875
2 0.7282000000000001 0.7636375 0.055808333333333335 0.06136250000000001
2 0.49301666666666666 0.7659125 0.03545833333333333 0.05
2 0.5695166666666667 0.82955 0.07329999999999999 0.06136250000000001
2 0.38811666666666667 0.878975 0.04231666666666667 0.042050000000000004
2 0.6244333333333334 0.88295 0.01798333333333333 0.0431875
2 0.2214833333333333 0.8858 0.056016666666666666 0.06705
2 0.4638583333333333 0.8965875 0.027133333333333336 0.0590875
2 0.39 0.9056875 0.09457499999999999 0.0409125
2 0.49149999999999994 0.9107999999999999 0.036975 0.042050000000000004
2 0.7804583333333333 0.09318749999999999 0.03913333333333333 0.0340875
2 0.287 0.966475 0.032508333333333334 0.0375
2 0.5990583333333334 0.1181875 0.030866666666666667 0.0409125