2 0.7079166666666666 0.350625 0.02666666666666667 0.07125
2 0.7041666666666667 0.128125 0.0125 0.06
2 0.7033333333333334 0.228125 0.023333333333333334 0.05375
2 0.7029166666666666 0.6625 0.020833333333333332 0.05625
2 0.7020833333333333 0.045625 0.0225 0.03875
2 0.68875 0.134375 0.016666666666666666 0.0675
2 0.6820833333333334 0.83125 0.014166666666666666 0.0625
2 0.68125 0.09125 0.018333333333333333 0.04125
2 0.6770833333333334 0.631875 0.02 0.07
2 0.6745833333333333 0.405 0.030833333333333334 0.11375
2 0.6733333333333333 0.5125 0.015 0.02125
2 0.6675 0.316875 0.018333333333333333 0.05375
2 0.6604166666666667 0.883125 0.035 0.075
2 0.6604166666666667 0.125 0.0125 0.04375
2 0.6591666666666667 0.585625 0.010833333333333334 0.06375
2 0.6566666666666666 0.065 0.013333333333333334 0.0475
2 0.6416666666666667 0.07375 0.0225 0.04
2 0.63875 0.54375 0.025833333333333333 0.06625
2 0.6141666666666666 0.53125 0.0375 0.08375
2 0.6133333333333333 0.775625 0.030833333333333334 0.04625
2 0.6104166666666667 0.683125 0.023333333333333334 0.0725
2 0.5983333333333334 0.838125 0.015 0.0575
2 0.5966666666666667 0.911875 0.019166666666666665 0.065
2 0.5908333333333333 0.449375 0.015 0.0675
2 0.5716666666666667 0.455 0.020833333333333332 0.07
2 0.5613636366666667 0.76374909375 0.5939393941666666 0.7012739875 0.5545454541666667 0.57429924 0.5196969699999999 0.644478435 0.5613636366666667 0.76374909375
2 0.5508333333333333 0.94625 0.0275 0.08875
2 0.54625 0.51 0.025833333333333333 0.0575
2 0.53375 0.376875 0.030833333333333334 0.06875
2 0.52875 0.8225 0.03166666666666667 0.055
2 0.4354166666666667 0.7525 0.0225 0.0675
2 0.4270833333333333 0.4575 0.020833333333333332 0.09
2 0.41875 0.899375 0.024166666666666666 0.08875
2 0.40708333333333335 0.613125 0.030833333333333334 0.0375
2 0.40208333333333335 0.79625 0.0225 0.0575
2 0.38083333333333336 0.804375 0.019166666666666665 0.06875
2 0.33541666666666664 0.733125 0.02666666666666667 0.04
2 0.7816666666666666 0.735 0.0225 0.07625
2 0.32416666666666666 0.8425 0.04083333333333333 0.08375
2 0.3229166666666667 0.489375 0.03333333333333333 0.05375
2 0.28041666666666665 0.604375 0.04083333333333333 0.11
2 0.2475 0.331875 0.028333333333333332 0.06375
2 0.24458333333333335 0.686875 0.029166666666666667 0.0275
2 0.24291666666666667 0.0825 0.045 0.08375
2 0.23541666666666666 0.445625 0.03916666666666667 0.04125
2 0.22958333333333333 0.335 0.0275 0.14125
2 0.22625 0.4875 0.028333333333333332 0.055
2 0.77125 0.920625 0.0225 0.05875
2 0.18916666666666668 0.180625 0.025 0.04875
2 0.7545833333333334 0.64875 0.0275 0.04625