2 0.5995833333333334 0.811875 0.0475 0.04
2 0.7479166666666667 0.80625 0.04 0.01875
2 0.68125 0.805 0.035833333333333335 0.035
2 0.39166666666666666 0.804375 0.0375 0.03125
2 0.8029166666666666 0.803125 0.025833333333333333 0.03375
2 0.74375 0.783125 0.045 0.025
2 0.2791666666666667 0.773125 0.041666666666666664 0.02125
2 0.7725 0.771875 0.0275 0.0275
2 0.41208333333333336 0.765625 0.04666666666666667 0.03
2 0.5633333333333334 0.761875 0.07583333333333334 0.04625
2 0.49166666666666664 0.76 0.014166666666666666 0.0225
2 0.6220833333333333 0.75125 0.035833333333333335 0.0275
2 0.24458333333333335 0.740625 0.05 0.0525
2 0.75 0.740625 0.029166666666666667 0.01875
2 0.4429166666666667 0.73875 0.0425 0.01625
2 0.79 0.735 0.03166666666666667 0.02
2 0.7841666666666667 0.7125 0.02666666666666667 0.03375
2 0.4708333333333333 0.708125 0.04416666666666667 0.03875
2 0.4791666666666667 0.67125 0.05583333333333333 0.05625
2 0.31625 0.67 0.030833333333333334 0.04625
2 0.3779166666666667 0.665625 0.04833333333333333 0.035
2 0.27458333333333335 0.6475 0.03833333333333333 0.0225
2 0.22541666666666665 0.645 0.043333333333333335 0.02875
2 0.53375 0.63625 0.045 0.0225
2 0.53 0.6075 0.04666666666666667 0.03125
2 0.3241672708333333 0.592045455 0.3658173416666667 0.64090909125 0.45046717333333336 0.58181818125 0.4036810433333333 0.529545455 0.3241672708333333 0.592045455
2 0.2025 0.57625 0.059166666666666666 0.04125
2 0.49333333333333335 0.569375 0.03833333333333333 0.03875
2 0.5820833333333333 0.550625 0.04583333333333333 0.04625
2 0.285 0.543125 0.03666666666666667 0.0475
2 0.33166666666666667 0.403125 0.045 0.03375
2 0.5283333333333333 0.390625 0.06 0.03125
2 0.23375 0.378125 0.059166666666666666 0.03625
2 0.4245833333333333 0.360625 0.025 0.04625
2 0.3025 0.353125 0.03833333333333333 0.03375
2 0.2970833333333333 0.32125 0.04583333333333333 0.02875
2 0.34458333333333335 0.253125 0.02666666666666667 0.04
2 0.3433333333333333 0.9225 0.050833333333333335 0.03375
2 0.27166666666666667 0.23625 0.05583333333333333 0.06125
2 0.5070833333333333 0.234375 0.035833333333333335 0.05
2 0.43041666666666667 0.170625 0.07333333333333333 0.06125
2 0.6120833333333333 0.12125 0.0425 0.0425
2 0.3754166666666667 0.116875 0.018333333333333333 0.04375
2 0.7783333333333333 0.114375 0.05583333333333333 0.0675
2 0.53625 0.103125 0.0275 0.05875
2 0.61 0.094375 0.09416666666666666 0.04125
2 0.5083333333333333 0.089375 0.03666666666666667 0.0425
2 0.21958333333333332 0.906875 0.03916666666666667 0.03375
2 0.7129166666666666 0.03375 0.0325 0.0375
2 0.4008333333333333 0.881875 0.030833333333333334 0.04125