2 0.71116 0.44098253275109167 0.08344 0.032423580786026196
2 0.68299 0.32486171761280935 0.08164 0.039701601164483256
2 0.73152 0.3777292576419214 0.04385 0.009221251819505094
2 0.74651 0.38597525473071326 0.027190000000000002 0.009221251819505094
2 0.71386 0.3624454148471616 0.0112 0.01455604075691412
2 0.7915099999999999 0.4245487627365357 0.0185 0.009701601164483261
2 0.89515 0.35856622998544396 0.02179 0.020378457059679767
2 0.73985 0.27122998544395927 0.02186 0.007765647743813683
2 0.75751 0.3381877729257642 0.019850000000000003 0.01455604075691412
2 0.81284 0.42382096069868996 0.023829999999999997 0.011157205240174672
2 0.8691599999999999 0.4002911208151383 0.0218 0.011644832605531296
2 0.79584 0.4640975254730713 0.023170000000000003 0.01601164483260553
2 0.8528300000000001 0.4568195050946142 0.02248 0.017954876273653567
1 0.73052 0.46967248908296944 0.02453 0.013588064046579331
2 0.6981900000000001 0.40780931586608443 0.039869999999999996 0.019890829694323143
2 0.6811900000000001 0.3646288209606987 0.02988 0.008245997088791849
2 0.74452 0.4160625909752547 0.015189999999999999 0.014068413391557495
2 0.8978200000000001 0.3765138282387191 0.01246 0.017467248908296942
2 0.80928 0.34874090247452694 0.027399999999999997 0.00727802037845706
2 0.82511 0.3447962154294032 0.0174 0.007882096069868996
2 0.83011 0.33463609898107716 0.02573 0.008791848617176128
2 0.7948999999999999 0.34601164483260555 0.03032 0.01213245997088792
2 0.77137 0.3478311499272198 0.01659 0.010312954876273654
2 0.8669 0.411513828238719 0.024820000000000002 0.015160116448326055
1 0.86981 0.4239446870451237 0.02232 0.01577147016011645
2 0.7660800000000001 0.404235807860262 0.0332 0.020014556040756915
2 0.81274 0.2665574963609898 0.02151 0.007882096069868996