2 0.419 0.34643377001455605 0.045 0.06040756914119359
2 0.2595 0.36681222707423583 0.055 0.05967976710334789
2 0.332 0.33151382823871905 0.013 0.03202328966521106
2 0.3435 0.3205967976710335 0.013 0.019650655021834062
2 0.311 0.34425036390101893 0.02 0.008005822416302766
2 0.3965 0.2878457059679767 0.013 0.013100436681222707
2 0.3055 0.21251819505094613 0.028 0.01601164483260553
2 0.1855 0.32532751091703055 0.011 0.01601164483260553
2 0.2775 0.31259097525473073 0.02 0.01455604075691412
2 0.3955 0.27219796215429404 0.015 0.017467248908296942
2 0.363 0.2314410480349345 0.016 0.01601164483260553
2 0.4505 0.28457059679767105 0.022 0.016739446870451237
2 0.4405 0.2430858806404658 0.025 0.01601164483260553
1 0.4585 0.3322416302765648 0.019 0.018195050946142648
2 0.3735 0.3558951965065502 0.027 0.02911208151382824
2 0.314 0.3682678311499272 0.011 0.021834061135371178
2 0.3845 0.3220524017467249 0.019 0.010917030567685589
2 0.3305 0.21033478893740903 0.024 0.008733624454148471
2 0.292 0.274745269286754 0.01 0.019650655021834062
2 0.287 0.26346433770014555 0.011 0.012372634643377001
2 0.273 0.259825327510917 0.012 0.018922852983988356
2 0.2885 0.2852983988355167 0.017 0.021834061135371178
2 0.291 0.30240174672489084 0.014 0.012372634643377001
2 0.3785 0.2328966521106259 0.021 0.018195050946142648
1 0.3955 0.23071324599708878 0.022 0.01601164483260553
2 0.3685 0.3064046579330422 0.028 0.024017467248908297
2 0.179 0.2725618631732169 0.011 0.01601164483260553