2 0.581 0.653566229985444 0.045 0.06040756914119359
2 0.7405 0.6331877729257642 0.055 0.05967976710334789
2 0.668 0.6684861717612809 0.013 0.03202328966521106
2 0.6565 0.6794032023289666 0.013 0.019650655021834062
2 0.689 0.6557496360989811 0.02 0.008005822416302766
2 0.6035 0.7121542940320232 0.013 0.013100436681222707
2 0.6945 0.7874818049490538 0.028 0.01601164483260553
2 0.8145 0.6746724890829694 0.011 0.01601164483260553
2 0.7225 0.6874090247452693 0.02 0.01455604075691412
2 0.6045 0.727802037845706 0.015 0.017467248908296942
2 0.637 0.7685589519650655 0.016 0.01601164483260553
2 0.5495 0.715429403202329 0.022 0.016739446870451237
2 0.5595 0.7569141193595342 0.025 0.01601164483260553
1 0.5415 0.6677583697234353 0.019 0.018195050946142648
2 0.6265 0.6441048034934498 0.027 0.02911208151382824
2 0.686 0.6317321688500728 0.011 0.021834061135371178
2 0.6155 0.6779475982532751 0.019 0.010917030567685589
2 0.6695 0.789665211062591 0.024 0.008733624454148471
2 0.708 0.725254730713246 0.01 0.019650655021834062
2 0.713 0.7365356622998545 0.011 0.012372634643377001
2 0.727 0.740174672489083 0.012 0.018922852983988356
2 0.7115 0.7147016011644832 0.017 0.021834061135371178
2 0.709 0.6975982532751092 0.014 0.012372634643377001
2 0.6215 0.7671033478893741 0.021 0.018195050946142648
1 0.6045 0.7692867540029112 0.022 0.01601164483260553
2 0.6315 0.6935953420669578 0.028 0.024017467248908297
2 0.821 0.7274381368267832 0.011 0.01601164483260553