2 0.3301640625 0.7068723702664796 0.0560078125 0.061711079943899017
2 0.2567421875 0.729312762973352 0.0372890625 0.05049088359046283
2 0.302046875 0.7405329593267882 0.059140625 0.056100981767180924
2 0.49341406250000003 0.8751753155680224 0.06687499999999999 0.061711079943899017
2 0.4012421875 0.979663394109397 0.041921875 0.04067321178120617
2 0.83084375 0.7433380084151473 0.0636171875 0.061711079943899017
2 0.9557656250000001 0.9004207573632539 0.0884609375 0.061711079943899017
2 0.6511953125 0.9018232819074333 0.0793125 0.07012622720897616
1 0.5660546875 0.7166900420757363 0.0371640625 0.047685834502103785
2 0.8200390625 0.6355259467040674 0.045578125000000004 0.05084151472650771
2 0.8039296874999999 0.542608695652174 0.032890625 0.04032258064516129
2 0.4456015625 0.5802945301542777 0.034984375 0.03506311360448808
2 0.5056484375 0.5163113604488079 0.030078125 0.026297335203366058
2 0.7106874999999999 0.5276998597475456 0.01828125 0.024544179523141654
2 0.6535703125000001 0.5198176718092566 0.032945312500000004 0.026297335203366058
2 0.4119140625 0.5233239831697054 0.0183984375 0.029803646563814866
2 0.3538203125 0.5592566619915849 0.025257812499999997 0.038569424964936885
2 0.1355703125 0.5391023842917251 0.0242890625 0.029803646563814866
2 0.07698437500000001 0.5662692847124825 0.028218749999999997 0.038569424964936885
2 0.114578125 0.5653997194950912 0.027226562500000002 0.026297335203366058
2 0.0296328125 0.5636465638148668 0.0350703125 0.029803646563814866
2 0.038906249999999996 0.5084151472650772 0.028234375 0.024544179523141654