2 0.330078125 0.7068723702664796 0.05625 0.061711079943899017
2 0.256640625 0.729312762973352 0.0375 0.05049088359046283
2 0.301953125 0.7405329593267882 0.059375 0.056100981767180924
2 0.493359375 0.8751753155680224 0.0671875 0.061711079943899017
2 0.401171875 0.979663394109397 0.0421875 0.04067321178120617
2 0.830859375 0.7433380084151473 0.06328125 0.061711079943899017
2 0.955859375 0.9004207573632539 0.08828125 0.061711079943899017
2 0.651171875 0.9018232819074333 0.0796875 0.07012622720897616
1 0.566015625 0.7166900420757363 0.0375 0.047685834502103785
2 0.819921875 0.635343618513324 0.0453125 0.05049088359046283
2 0.80390625 0.5427769985974754 0.0328125 0.04067321178120617
2 0.445703125 0.5806451612903226 0.03515625 0.03506311360448808
2 0.50546875 0.5161290322580645 0.0296875 0.02664796633941094
2 0.710546875 0.5273492286115007 0.01796875 0.025245441795231416
2 0.653515625 0.5196353436185134 0.0328125 0.02664796633941094
2 0.41171875 0.5231416549789621 0.01875 0.029453015427769985
2 0.35390625 0.5596072931276297 0.025 0.03927068723702665
2 0.135546875 0.5392706872370266 0.02421875 0.029453015427769985
2 0.076953125 0.5666199158485273 0.028125 0.03927068723702665
2 0.114453125 0.5652173913043478 0.02734375 0.02664796633941094
2 0.0296875 0.5638148667601683 0.03515625 0.029453015427769985
2 0.0390625 0.5084151472650772 0.028125 0.025245441795231416