2 0.384765625 0.1949509116409537 0.034375 0.10098176718092566
2 0.372265625 0.06311360448807854 0.028125 0.06732117812061711
2 0.366015625 0.14446002805049088 0.03125 0.10659186535764376
2 0.291015625 0.48807854137447404 0.034375 0.12061711079943899
2 0.2328125 0.3225806451612903 0.02265625 0.07573632538569425
2 0.276171875 0.7713884992987378 0.0390625 0.14305750350631136
1 0.379296875 0.6185133239831697 0.0265625 0.06732117812061711
2 0.45546875 0.40252454417952316 0.01953125 0.06311360448807854
2 0.491015625 0.5098176718092566 0.01484375 0.05329593267882188
2 0.484375 0.8779803646563815 0.0140625 0.03225806451612903
2 0.4890625 0.7755960729312763 0.01484375 0.05890603085553997
2 0.487109375 0.34221598877980364 0.01640625 0.033660589060308554
2 0.4671875 0.23772791023842918 0.021875 0.04488078541374474