2 0.5673076923076923 0.9302884615384616 0.0673076923076923 0.04326923076923077
2 0.5012019230769231 0.6923076923076923 0.057692307692307696 0.038461538461538464
2 0.4699519230769231 0.8233173076923077 0.057692307692307696 0.03125
2 0.4675480769230769 0.5180288461538461 0.06971153846153846 0.055288461538461536
2 0.39663461538461536 0.5252403846153846 0.0673076923076923 0.040865384615384616
2 0.35096153846153844 0.9146634615384616 0.052884615384615384 0.028846153846153848
2 0.19591346153846154 0.7139423076923077 0.08173076923076923 0.06009615384615385
2 0.15745192307692307 0.5576923076923077 0.10096153846153846 0.02403846153846154
2 0.8497596153846154 0.5673076923076923 0.052884615384615384 0.021634615384615384
2 0.8197115384615384 0.6141826923076923 0.07692307692307693 0.040865384615384616
2 0.9771634615384616 0.7019230769230769 0.040865384615384616 0.021634615384615384
2 0.7391826923076923 0.625 0.07211538461538461 0.03365384615384615