2 0.06971153846153846 0.5673076923076923 0.04326923076923077 0.0673076923076923
2 0.3076923076923077 0.5012019230769231 0.038461538461538464 0.057692307692307696
2 0.17668269230769232 0.4699519230769231 0.03125 0.057692307692307696
2 0.48197115384615385 0.4675480769230769 0.055288461538461536 0.06971153846153846
2 0.47475961538461536 0.39663461538461536 0.040865384615384616 0.0673076923076923
2 0.08533653846153846 0.35096153846153844 0.028846153846153848 0.052884615384615384
2 0.2860576923076923 0.19591346153846154 0.06009615384615385 0.08173076923076923
2 0.4423076923076923 0.15745192307692307 0.02403846153846154 0.10096153846153846
2 0.4326923076923077 0.8497596153846154 0.021634615384615384 0.052884615384615384
2 0.3858173076923077 0.8197115384615384 0.040865384615384616 0.07692307692307693
2 0.2980769230769231 0.9771634615384616 0.021634615384615384 0.040865384615384616
2 0.375 0.7391826923076923 0.03365384615384615 0.07211538461538461