2 0.38427734375 0.7608465608465609 0.00634765625 0.01904761904761905
2 0.4580078125 0.9216931216931217 0.00634765625 0.012698412698412698
2 0.6181640625 0.7957671957671958 0.01904296875 0.015873015873015872
2 0.5986328125 0.7756613756613756 0.00927734375 0.016931216931216932
2 0.87744140625 0.45925925925925926 0.005859375 0.013756613756613757
2 0.349609375 0.9386243386243386 0.0126953125 0.026455026455026454
2 0.359375 0.91005291005291 0.0166015625 0.02328042328042328
2 0.58349609375 0.8412698412698413 0.02880859375 0.04126984126984127
2 0.4580078125 0.8814814814814815 0.01318359375 0.02433862433862434
2 0.39892578125 0.8825396825396825 0.0224609375 0.01798941798941799
2 0.4208984375 0.8031746031746032 0.03271484375 0.0328042328042328
2 0.4755859375 0.9216931216931217 0.01416015625 0.025396825396825397
2 0.37109375 0.926984126984127 0.0166015625 0.01798941798941799
2 0.64990234375 0.8613756613756614 0.0146484375 0.027513227513227514
2 0.70263671875 0.7714285714285715 0.01708984375 0.02433862433862434
2 0.69189453125 0.726984126984127 0.01611328125 0.020105820105820106