2 0.379638671875 0.2492063492063492 0.0087890625 0.013756613756613757
2 0.305419921875 0.408994708994709 0.005859375 0.013756613756613757
2 0.363525390625 0.7560846560846561 0.00732421875 0.04126984126984127
2 0.372802734375 0.7137566137566138 0.0078125 0.020105820105820106
2 0.297607421875 0.17407407407407408 0.01220703125 0.027513227513227514
2 0.310791015625 0.19523809523809524 0.0107421875 0.03597883597883598
2 0.342529296875 0.680952380952381 0.01904296875 0.06243386243386243
2 0.323974609375 0.408994708994709 0.01123046875 0.02857142857142857
2 0.323486328125 0.28095238095238095 0.00830078125 0.04867724867724868
2 0.360107421875 0.32857142857142857 0.01513671875 0.07089947089947089
2 0.305419921875 0.4470899470899471 0.01171875 0.030687830687830688
2 0.302978515625 0.22063492063492063 0.00830078125 0.03597883597883598
2 0.333251953125 0.8248677248677249 0.0126953125 0.031746031746031744
2 0.374755859375 0.9391534391534392 0.01123046875 0.037037037037037035
2 0.395263671875 0.9158730158730158 0.00927734375 0.03492063492063492