2 0.98779296875 0.22857142857142856 0.02392578125 0.07195767195767196
2 0.9013671875 0.4582010582010582 0.052734375 0.06984126984126984
2 0.80908203125 0.17142857142857143 0.0283203125 0.04338624338624339
2 0.95166015625 0.30158730158730157 0.025390625 0.056084656084656084
2 0.9013671875 0.39365079365079364 0.0205078125 0.04973544973544974
2 0.68896484375 0.05291005291005291 0.037109375 0.05502645502645503
2 0.5791015625 0.2052910052910053 0.02587890625 0.0582010582010582
2 0.435546875 0.22857142857142856 0.076171875 0.07830687830687831
2 0.478515625 0.19576719576719576 0.0322265625 0.0761904761904762
2 0.22265625 0.3386243386243386 0.04541015625 0.091005291005291
2 0.2158203125 0.23809523809523808 0.05908203125 0.0582010582010582