2 0.01220703125 0.7714285714285715 0.02392578125 0.07195767195767196
2 0.0986328125 0.5417989417989418 0.052734375 0.06984126984126984
2 0.19091796875 0.8285714285714286 0.0283203125 0.04338624338624339
2 0.04833984375 0.6984126984126984 0.025390625 0.056084656084656084
2 0.0986328125 0.6063492063492063 0.0205078125 0.04973544973544974
2 0.31103515625 0.9470899470899471 0.037109375 0.05502645502645503
2 0.4208984375 0.7947089947089947 0.02587890625 0.0582010582010582
2 0.564453125 0.7714285714285715 0.076171875 0.07830687830687831
2 0.521484375 0.8042328042328042 0.0322265625 0.0761904761904762
2 0.77734375 0.6613756613756614 0.04541015625 0.091005291005291
2 0.7841796875 0.7619047619047619 0.05908203125 0.0582010582010582