2 0.2328125 0.4421875 0.059375 0.0359375
2 0.9453125 0.78515625 0.0359375 0.075
2 0.89765625 0.92890625 0.0328125 0.028125
2 0.83515625 0.84140625 0.0421875 0.05625
2 0.99921875 0.82578125 0.0015625 0.0390625
2 0.0875 0.8421875 0.1234375 0.1140625
2 0.20390625 0.75 0.1484375 0.10625
2 0.38828125 0.55 0.0390625 0.0609375
2 0.32265625 0.34765625 0.0703125 0.096875
2 0.19765625 0.5421875 0.059375 0.0578125
2 0.25703125 0.459375 0.03125 0.0375
2 0.159375 0.23125 0.0546875 0.0671875
2 0.38046875 0.3796875 0.028125 0.05
2 0.0640625 0.5421875 0.1140625 0.0984375
2 0.68984375 0.40078125 0.028125 0.03125
2 0.996875 0.51484375 0.00625 0.021875
2 0.25703125 0.54375 0.0203125 0.025
2 0.06953125 0.1015625 0.025 0.028125
2 0.26484375 0.2703125 0.0328125 0.021875
2 0.3671875 0.28828125 0.028125 0.025
2 0.25703125 0.40546875 0.0484375 0.05