2 0.2171875 0.6109375 0.065625 0.04375
2 0.85625 0.1359375 0.046875 0.0796875
2 0.78125 0.009375 0.0375 0.01875
2 0.73515625 0.1015625 0.05 0.0625
2 0.9109375 0.084375 0.03125 0.04375
2 0.03359375 0.24140625 0.0671875 0.1296875
2 0.1296875 0.31328125 0.1625 0.128125
2 0.35078125 0.47578125 0.046875 0.0671875
2 0.32421875 0.6875 0.084375 0.1078125
2 0.1640625 0.51875 0.06875 0.065625
2 0.23828125 0.5890625 0.0390625 0.0421875
2 0.1859375 0.8328125 0.0640625 0.075
2 0.37578125 0.64375 0.034375 0.053125
2 0.04921875 0.54140625 0.0984375 0.1109375
2 0.67734375 0.5640625 0.0328125 0.0359375
2 0.96953125 0.39140625 0.0328125 0.0265625
2 0.22265625 0.50546875 0.025 0.028125
2 0.121875 0.978125 0.0296875 0.0328125
2 0.28203125 0.77421875 0.0359375 0.0265625
2 0.3796875 0.73671875 0.0328125 0.0296875
2 0.24921875 0.6421875 0.0546875 0.0578125