2 0.390625 0.22421875 0.0375 0.0640625
2 0.7671875 0.9734375 0.078125 0.0375
2 0.91875 0.91953125 0.028125 0.034375
2 0.825 0.8546875 0.059375 0.0421875
2 0.8125 0.0640625 0.11875 0.128125
2 0.71640625 0.18828125 0.109375 0.15625
2 0.5078125 0.3875 0.065625 0.040625
2 0.2921875 0.321875 0.1 0.071875
2 0.49609375 0.18515625 0.059375 0.0625
2 0.41015625 0.25 0.0390625 0.034375
2 0.16640625 0.15078125 0.071875 0.05625
2 0.32734375 0.38203125 0.053125 0.028125
2 0.49453125 0.05234375 0.1015625 0.1046875
2 0.35546875 0.709375 0.034375 0.028125
2 0.5 0.2484375 0.025 0.021875
2 0.02734375 0.0578125 0.03125 0.028125
2 0.21015625 0.2609375 0.0234375 0.034375
2 0.23046875 0.3703125 0.028125 0.03125
2 0.353125 0.25078125 0.0515625 0.05