2 0.784375 0.38203125 0.0671875 0.046875
2 0.1390625 0.8625 0.0484375 0.0796875
2 0.21484375 0.990625 0.0390625 0.01875
2 0.2609375 0.89765625 0.05 0.0640625
2 0.0828125 0.915625 0.03125 0.04375
2 0.96796875 0.75546875 0.0640625 0.1296875
2 0.87265625 0.684375 0.165625 0.13125
2 0.64921875 0.51953125 0.05 0.06875
2 0.67578125 0.30546875 0.084375 0.1078125
2 0.83828125 0.475 0.06875 0.065625
2 0.76328125 0.4046875 0.0390625 0.0421875
2 0.81640625 0.1578125 0.0640625 0.0765625
2 0.62421875 0.3484375 0.0359375 0.0546875
2 0.953125 0.453125 0.09375 0.109375
2 0.31953125 0.4296875 0.0328125 0.0359375
2 0.025 0.60546875 0.03125 0.0265625
2 0.7796875 0.48984375 0.0265625 0.028125
2 0.88125 0.0140625 0.03125 0.028125
2 0.71875 0.2171875 0.0359375 0.0265625
2 0.61953125 0.25546875 0.0328125 0.03125
2 0.753125 0.35078125 0.0546875 0.0578125