2 0.4421875 0.7671875 0.0359375 0.059375
2 0.78515625 0.0546875 0.075 0.0359375
2 0.92890625 0.10234375 0.028125 0.0328125
2 0.84140625 0.16484375 0.05625 0.0421875
2 0.82578125 0.00078125 0.0390625 0.0015625
2 0.8421875 0.9125 0.1140625 0.1234375
2 0.75 0.79609375 0.10625 0.1484375
2 0.55 0.61171875 0.0609375 0.0390625
2 0.34765625 0.67734375 0.096875 0.0703125
2 0.5421875 0.80234375 0.0578125 0.059375
2 0.459375 0.74296875 0.0375 0.03125
2 0.23125 0.840625 0.0671875 0.0546875
2 0.3796875 0.61953125 0.05 0.028125
2 0.5421875 0.9359375 0.0984375 0.1140625
2 0.40078125 0.31015625 0.03125 0.028125
2 0.51484375 0.003125 0.021875 0.00625
2 0.54375 0.74296875 0.025 0.0203125
2 0.1015625 0.93046875 0.028125 0.025
2 0.2703125 0.73515625 0.021875 0.0328125
2 0.28828125 0.6328125 0.025 0.028125
2 0.40546875 0.74296875 0.05 0.0484375