2 0.6109375 0.7828125 0.04375 0.065625
2 0.1359375 0.14375 0.0796875 0.046875
2 0.009375 0.21875 0.01875 0.0375
2 0.1015625 0.26484375 0.0625 0.05
2 0.084375 0.0890625 0.04375 0.03125
2 0.24140625 0.96640625 0.1296875 0.0671875
2 0.31328125 0.8703125 0.128125 0.1625
2 0.47578125 0.64921875 0.0671875 0.046875
2 0.6875 0.67578125 0.1078125 0.084375
2 0.51875 0.8359375 0.065625 0.06875
2 0.5890625 0.76171875 0.0421875 0.0390625
2 0.8328125 0.8140625 0.075 0.0640625
2 0.64375 0.62421875 0.053125 0.034375
2 0.54140625 0.95078125 0.1109375 0.0984375
2 0.5640625 0.32265625 0.0359375 0.0328125
2 0.39140625 0.03046875 0.0265625 0.0328125
2 0.50546875 0.77734375 0.028125 0.025
2 0.978125 0.878125 0.0328125 0.0296875
2 0.77421875 0.71796875 0.0265625 0.0359375
2 0.73671875 0.6203125 0.0296875 0.0328125
2 0.6421875 0.75078125 0.0578125 0.0546875