2 0.55234375 0.784375 0.040625 0.0625
2 0.29140625 0.05390625 0.075 0.0421875
2 0.14609375 0.0875 0.03125 0.034375
2 0.225 0.15703125 0.0609375 0.0453125
2 0.14765625 0.88515625 0.1234375 0.1328125
2 0.24921875 0.78125 0.11875 0.1546875
2 0.4640625 0.621875 0.0640625 0.04375
2 0.653125 0.70625 0.1015625 0.0765625
2 0.45078125 0.8078125 0.0609375 0.0625
2 0.5375 0.75859375 0.0390625 0.0359375
2 0.75 0.87734375 0.071875 0.059375
2 0.628125 0.64609375 0.0515625 0.03125
2 0.4375 0.9375 0.10625 0.1203125
2 0.6390625 0.34296875 0.034375 0.0296875
2 0.5609375 0.021875 0.025 0.03125
2 0.45546875 0.74921875 0.025 0.0234375
2 0.8671875 0.978125 0.03125 0.028125
2 0.72265625 0.7703125 0.025 0.034375
2 0.715625 0.66875 0.028125 0.03125
2 0.590625 0.76484375 0.0515625 0.05