2 0.77734375 0.53828125 0.0640625 0.0421875
2 0.046875 0.29140625 0.04375 0.0765625
2 0.07734375 0.14609375 0.034375 0.03125
2 0.14765625 0.2234375 0.046875 0.0609375
2 0.8703125 0.13359375 0.1328125 0.125
2 0.76953125 0.2375 0.15625 0.1203125
2 0.6140625 0.45234375 0.0453125 0.0640625
2 0.70234375 0.640625 0.078125 0.1015625
2 0.8 0.4375 0.0625 0.0609375
2 0.7515625 0.5234375 0.0359375 0.040625
2 0.8734375 0.7328125 0.0609375 0.071875
2 0.64140625 0.615625 0.03125 0.0515625
2 0.928125 0.421875 0.121875 0.1078125
2 0.340625 0.63203125 0.03125 0.034375
2 0.01953125 0.56015625 0.03125 0.025
2 0.7421875 0.4421875 0.0234375 0.0265625
2 0.97578125 0.8484375 0.028125 0.03125
2 0.7671875 0.7078125 0.034375 0.0265625
2 0.665625 0.703125 0.03125 0.028125
2 0.75859375 0.57578125 0.0515625 0.053125