2 0.784375 0.44765625 0.0625 0.040625
2 0.05390625 0.70859375 0.0421875 0.075
2 0.0875 0.85390625 0.034375 0.03125
2 0.15703125 0.775 0.0453125 0.0609375
2 0.88515625 0.85234375 0.1328125 0.1234375
2 0.78125 0.75078125 0.1546875 0.11875
2 0.621875 0.5359375 0.04375 0.0640625
2 0.70625 0.346875 0.0765625 0.1015625
2 0.8078125 0.54921875 0.0625 0.0609375
2 0.75859375 0.4625 0.0359375 0.0390625
2 0.87734375 0.25 0.059375 0.071875
2 0.64609375 0.371875 0.03125 0.0515625
2 0.9375 0.5625 0.1203125 0.10625
2 0.34296875 0.3609375 0.0296875 0.034375
2 0.021875 0.4390625 0.03125 0.025
2 0.74921875 0.54453125 0.0234375 0.025
2 0.978125 0.1328125 0.028125 0.03125
2 0.7703125 0.27734375 0.034375 0.025
2 0.66875 0.284375 0.03125 0.028125
2 0.76484375 0.409375 0.05 0.0515625