2 0.61796875 0.784375 0.046875 0.0671875
2 0.1375 0.1390625 0.0796875 0.0484375
2 0.009375 0.21484375 0.01875 0.0390625
2 0.10234375 0.2609375 0.0640625 0.05
2 0.084375 0.0828125 0.04375 0.03125
2 0.24453125 0.96796875 0.1296875 0.0640625
2 0.315625 0.87265625 0.13125 0.165625
2 0.48046875 0.64921875 0.06875 0.05
2 0.69453125 0.67578125 0.1078125 0.084375
2 0.525 0.83828125 0.065625 0.06875
2 0.5953125 0.76328125 0.0421875 0.0390625
2 0.8421875 0.81640625 0.0765625 0.0640625
2 0.6515625 0.62421875 0.0546875 0.0359375
2 0.546875 0.953125 0.109375 0.09375
2 0.5703125 0.31953125 0.0359375 0.0328125
2 0.39453125 0.025 0.0265625 0.03125
2 0.51015625 0.7796875 0.028125 0.0265625
2 0.9859375 0.88125 0.028125 0.03125
2 0.7828125 0.71875 0.0265625 0.0359375
2 0.74453125 0.61953125 0.03125 0.0328125
2 0.64921875 0.753125 0.0578125 0.0546875