2 0.22421875 0.609375 0.0640625 0.0375
2 0.9734375 0.2328125 0.0375 0.078125
2 0.91953125 0.08125 0.034375 0.028125
2 0.8546875 0.175 0.0421875 0.059375
2 0.0640625 0.1875 0.128125 0.11875
2 0.18828125 0.28359375 0.15625 0.109375
2 0.3875 0.4921875 0.040625 0.065625
2 0.321875 0.7078125 0.071875 0.1
2 0.18515625 0.50390625 0.0625 0.059375
2 0.25 0.58984375 0.034375 0.0390625
2 0.15078125 0.83359375 0.05625 0.071875
2 0.38203125 0.67265625 0.028125 0.053125
2 0.05234375 0.50546875 0.1046875 0.1015625
2 0.709375 0.64453125 0.028125 0.034375
2 0.2484375 0.5 0.021875 0.025
2 0.0578125 0.97265625 0.028125 0.03125
2 0.2609375 0.78984375 0.034375 0.0234375
2 0.3703125 0.76953125 0.03125 0.028125
2 0.25078125 0.646875 0.05 0.0515625