2 0.7734375 0.634375 0.0640625 0.04375
2 0.13984375 0.1796875 0.0453125 0.078125
2 0.2125 0.04765625 0.0359375 0.0328125
2 0.25859375 0.14375 0.0484375 0.0625
2 0.0859375 0.1296875 0.0296875 0.0421875
2 0.95703125 0.26953125 0.0859375 0.1265625
2 0.8546875 0.33984375 0.1578125 0.125
2 0.64140625 0.503125 0.046875 0.0640625
2 0.6703125 0.71015625 0.08125 0.103125
2 0.825 0.54296875 0.0640625 0.0625
2 0.75234375 0.6125 0.0359375 0.040625
2 0.80859375 0.85078125 0.0625 0.0734375
2 0.61953125 0.66953125 0.034375 0.0515625
2 0.94609375 0.56484375 0.1078125 0.1078125
2 0.32265625 0.59609375 0.03125 0.034375
2 0.03359375 0.43125 0.03125 0.0265625
2 0.7671875 0.53046875 0.0234375 0.028125
2 0.87265625 0.98828125 0.0296875 0.0234375
2 0.71328125 0.79453125 0.034375 0.0265625
2 0.61640625 0.759375 0.03125 0.0296875
2 0.74375 0.66484375 0.0515625 0.053125