2 0.46171875 0.77734375 0.0421875 0.0640625
2 0.70859375 0.046875 0.0765625 0.04375
2 0.85390625 0.07734375 0.03125 0.034375
2 0.7765625 0.14765625 0.0609375 0.046875
2 0.86640625 0.8703125 0.125 0.1328125
2 0.7625 0.76953125 0.1203125 0.15625
2 0.54765625 0.6140625 0.0640625 0.0453125
2 0.359375 0.70234375 0.1015625 0.078125
2 0.5625 0.8 0.0609375 0.0625
2 0.4765625 0.7515625 0.040625 0.0359375
2 0.2671875 0.8734375 0.071875 0.0609375
2 0.384375 0.64140625 0.0515625 0.03125
2 0.578125 0.928125 0.1078125 0.121875
2 0.36796875 0.340625 0.034375 0.03125
2 0.43984375 0.01953125 0.025 0.03125
2 0.5578125 0.7421875 0.0265625 0.0234375
2 0.1515625 0.97578125 0.03125 0.028125
2 0.2921875 0.7671875 0.0265625 0.034375
2 0.296875 0.665625 0.028125 0.03125
2 0.42421875 0.75859375 0.053125 0.0515625