2 0.365625 0.7734375 0.04375 0.0640625
2 0.8203125 0.13984375 0.078125 0.0453125
2 0.95234375 0.2125 0.0328125 0.0359375
2 0.85625 0.25859375 0.0625 0.0484375
2 0.8703125 0.0859375 0.0421875 0.0296875
2 0.73046875 0.95703125 0.1265625 0.0859375
2 0.66015625 0.8546875 0.125 0.1578125
2 0.496875 0.64140625 0.0640625 0.046875
2 0.28984375 0.6703125 0.103125 0.08125
2 0.45703125 0.825 0.0625 0.0640625
2 0.3875 0.75234375 0.040625 0.0359375
2 0.14921875 0.80859375 0.0734375 0.0625
2 0.33046875 0.61953125 0.0515625 0.034375
2 0.43515625 0.94609375 0.1078125 0.1078125
2 0.40390625 0.32265625 0.034375 0.03125
2 0.56875 0.03359375 0.0265625 0.03125
2 0.46953125 0.7671875 0.028125 0.0234375
2 0.01171875 0.87265625 0.0234375 0.0296875
2 0.20546875 0.71328125 0.0265625 0.034375
2 0.240625 0.61640625 0.0296875 0.03125
2 0.33515625 0.74375 0.053125 0.0515625