2 0.37421875 0.21328125 0.040625 0.0640625
2 0.7796875 0.925 0.0796875 0.040625
2 0.92421875 0.8640625 0.0296875 0.0359375
2 0.8296875 0.80546875 0.0609375 0.04375
2 0.8265625 0.9796875 0.0421875 0.009375
2 0.778125 0.05078125 0.121875 0.1015625
2 0.68984375 0.16171875 0.115625 0.1578125
2 0.49609375 0.36640625 0.0640625 0.0421875
2 0.2828125 0.31328125 0.1015625 0.075
2 0.475 0.1703125 0.059375 0.0625
2 0.39375 0.2375 0.0390625 0.0359375
2 0.1515625 0.153125 0.071875 0.0578125
2 0.3203125 0.37109375 0.0515625 0.03125
2 0.46796875 0.046875 0.1046875 0.09375
2 0.3640625 0.68828125 0.034375 0.0296875
2 0.50546875 0.996875 0.0234375 0.00625
2 0.48203125 0.23125 0.0265625 0.0234375
2 0.01328125 0.0703125 0.0265625 0.028125
2 0.19921875 0.259375 0.0234375 0.0359375
2 0.225 0.3640625 0.028125 0.03125
2 0.33828125 0.240625 0.053125 0.05