2 0.53046875 0.78828125 0.0453125 0.0640625
2 0.321875 0.04609375 0.0765625 0.046875
2 0.17578125 0.06875 0.0328125 0.0359375
2 0.24921875 0.14296875 0.0625 0.0484375
2 0.121875 0.86015625 0.1296875 0.1375
2 0.2296875 0.76328125 0.1265625 0.1609375
2 0.453125 0.6203125 0.065625 0.0484375
2 0.6359375 0.71796875 0.1046875 0.0828125
2 0.428125 0.80546875 0.0625 0.065625
2 0.5171875 0.76171875 0.040625 0.0375
2 0.7203125 0.89453125 0.075 0.0625
2 0.61484375 0.65703125 0.0515625 0.034375
2 0.40625 0.9328125 0.1125 0.125
2 0.646875 0.35703125 0.0359375 0.0328125
2 0.59140625 0.03203125 0.0265625 0.03125
2 0.4359375 0.74765625 0.0265625 0.025
2 0.83046875 0.99375 0.0328125 0.0125
2 0.7 0.78671875 0.028125 0.034375
2 0.70078125 0.684375 0.0296875 0.0328125
2 0.56875 0.77109375 0.0546875 0.053125