2 0.215625 0.55234375 0.0625 0.040625
2 0.94609375 0.29140625 0.0421875 0.075
2 0.9125 0.14609375 0.034375 0.03125
2 0.84296875 0.225 0.0453125 0.0609375
2 0.11484375 0.14765625 0.1328125 0.1234375
2 0.21875 0.24921875 0.1546875 0.11875
2 0.378125 0.4640625 0.04375 0.0640625
2 0.29375 0.653125 0.0765625 0.1015625
2 0.1921875 0.45078125 0.0625 0.0609375
2 0.24140625 0.5375 0.0359375 0.0390625
2 0.12265625 0.75 0.059375 0.071875
2 0.35390625 0.628125 0.03125 0.0515625
2 0.0625 0.4375 0.1203125 0.10625
2 0.65703125 0.6390625 0.0296875 0.034375
2 0.978125 0.5609375 0.03125 0.025
2 0.25078125 0.45546875 0.0234375 0.025
2 0.021875 0.8671875 0.028125 0.03125
2 0.2296875 0.72265625 0.034375 0.025
2 0.33125 0.715625 0.03125 0.028125
2 0.23515625 0.590625 0.05 0.0515625