2 0.78828125 0.46953125 0.0640625 0.0453125
2 0.04609375 0.678125 0.046875 0.0765625
2 0.06875 0.82421875 0.0359375 0.0328125
2 0.14296875 0.75078125 0.0484375 0.0625
2 0.86015625 0.878125 0.1375 0.1296875
2 0.76328125 0.7703125 0.1609375 0.1265625
2 0.6203125 0.546875 0.0484375 0.065625
2 0.71796875 0.3640625 0.0828125 0.1046875
2 0.80546875 0.571875 0.065625 0.0625
2 0.76171875 0.4828125 0.0375 0.040625
2 0.89453125 0.2796875 0.0625 0.075
2 0.65703125 0.38515625 0.034375 0.0515625
2 0.9328125 0.59375 0.125 0.1125
2 0.35703125 0.353125 0.0328125 0.0359375
2 0.03203125 0.40859375 0.03125 0.0265625
2 0.74765625 0.5640625 0.025 0.0265625
2 0.99375 0.16953125 0.0125 0.0328125
2 0.78671875 0.3 0.034375 0.028125
2 0.684375 0.29921875 0.0328125 0.0296875
2 0.77109375 0.43125 0.053125 0.0546875