2 0.7671875 0.5578125 0.059375 0.0359375
2 0.0546875 0.21484375 0.0359375 0.075
2 0.10234375 0.07109375 0.0328125 0.028125
2 0.16484375 0.15859375 0.0421875 0.05625
2 0.00078125 0.17421875 0.0015625 0.0390625
2 0.9125 0.1578125 0.1234375 0.1140625
2 0.79609375 0.25 0.1484375 0.10625
2 0.61171875 0.45 0.0390625 0.0609375
2 0.67734375 0.65234375 0.0703125 0.096875
2 0.80234375 0.4578125 0.059375 0.0578125
2 0.74296875 0.540625 0.03125 0.0375
2 0.840625 0.76875 0.0546875 0.0671875
2 0.61953125 0.6203125 0.028125 0.05
2 0.9359375 0.4578125 0.1140625 0.0984375
2 0.31015625 0.59921875 0.028125 0.03125
2 0.003125 0.48515625 0.00625 0.021875
2 0.74296875 0.45625 0.0203125 0.025
2 0.93046875 0.8984375 0.025 0.028125
2 0.73515625 0.7296875 0.0328125 0.021875
2 0.6328125 0.71171875 0.028125 0.025
2 0.74296875 0.59453125 0.0484375 0.05