2 0.2265625 0.365625 0.0640625 0.04375
2 0.86015625 0.8203125 0.0453125 0.078125
2 0.7875 0.95234375 0.0359375 0.0328125
2 0.74140625 0.85625 0.0484375 0.0625
2 0.9140625 0.8703125 0.0296875 0.0421875
2 0.04296875 0.73046875 0.0859375 0.1265625
2 0.1453125 0.66015625 0.1578125 0.125
2 0.35859375 0.496875 0.046875 0.0640625
2 0.3296875 0.28984375 0.08125 0.103125
2 0.175 0.45703125 0.0640625 0.0625
2 0.24765625 0.3875 0.0359375 0.040625
2 0.19140625 0.14921875 0.0625 0.0734375
2 0.38046875 0.33046875 0.034375 0.0515625
2 0.05390625 0.43515625 0.1078125 0.1078125
2 0.67734375 0.40390625 0.03125 0.034375
2 0.96640625 0.56875 0.03125 0.0265625
2 0.2328125 0.46953125 0.0234375 0.028125
2 0.12734375 0.01171875 0.0296875 0.0234375
2 0.28671875 0.20546875 0.034375 0.0265625
2 0.38359375 0.240625 0.03125 0.0296875
2 0.25625 0.33515625 0.0515625 0.053125