2 0.21328125 0.62578125 0.0640625 0.040625
2 0.925 0.2203125 0.040625 0.0796875
2 0.8640625 0.07578125 0.0359375 0.0296875
2 0.80546875 0.1703125 0.04375 0.0609375
2 0.9796875 0.1734375 0.009375 0.0421875
2 0.05078125 0.221875 0.1015625 0.121875
2 0.16171875 0.31015625 0.1578125 0.115625
2 0.36640625 0.50390625 0.0421875 0.0640625
2 0.31328125 0.7171875 0.075 0.1015625
2 0.1703125 0.525 0.0625 0.059375
2 0.2375 0.60625 0.0359375 0.0390625
2 0.153125 0.8484375 0.0578125 0.071875
2 0.37109375 0.6796875 0.03125 0.0515625
2 0.046875 0.53203125 0.09375 0.1046875
2 0.68828125 0.6359375 0.0296875 0.034375
2 0.996875 0.49453125 0.00625 0.0234375
2 0.23125 0.51796875 0.0234375 0.0265625
2 0.0703125 0.98671875 0.028125 0.0265625
2 0.259375 0.80078125 0.0359375 0.0234375
2 0.3640625 0.775 0.03125 0.028125
2 0.240625 0.66171875 0.05 0.053125