2 0.215625 0.61796875 0.0671875 0.046875
2 0.8609375 0.1375 0.0484375 0.0796875
2 0.78515625 0.009375 0.0390625 0.01875
2 0.7390625 0.10234375 0.05 0.0640625
2 0.9171875 0.084375 0.03125 0.04375
2 0.03203125 0.24453125 0.0640625 0.1296875
2 0.12734375 0.315625 0.165625 0.13125
2 0.35078125 0.48046875 0.05 0.06875
2 0.32421875 0.69453125 0.084375 0.1078125
2 0.16171875 0.525 0.06875 0.065625
2 0.23671875 0.5953125 0.0390625 0.0421875
2 0.18359375 0.8421875 0.0640625 0.0765625
2 0.37578125 0.6515625 0.0359375 0.0546875
2 0.046875 0.546875 0.09375 0.109375
2 0.68046875 0.5703125 0.0328125 0.0359375
2 0.975 0.39453125 0.03125 0.0265625
2 0.2203125 0.51015625 0.0265625 0.028125
2 0.11875 0.9859375 0.03125 0.028125
2 0.28125 0.7828125 0.0359375 0.0265625
2 0.38046875 0.74453125 0.0328125 0.03125
2 0.246875 0.64921875 0.0546875 0.0578125