2 0.6171875 0.5828125 0.0546875 0.0890625
2 0.4515625 0.74375 0.01875 0.0359375
2 0.91640625 0.78671875 0.115625 0.1015625
2 0.61953125 0.50859375 0.1 0.1078125
2 0.54765625 0.5265625 0.0421875 0.0765625
2 0.64140625 0.66953125 0.0671875 0.1078125
2 0.653125 0.34609375 0.03125 0.040625
2 0.80234375 0.2953125 0.0296875 0.0546875
2 0.88828125 0.3078125 0.0578125 0.0515625
2 0.80703125 0.68828125 0.221875 0.1453125
2 0.94609375 0.5640625 0.1078125 0.2875
2 0.8578125 0.2421875 0.1234375 0.125
2 0.91953125 0.17734375 0.05625 0.084375
2 0.9546875 0.2484375 0.0609375 0.1703125
2 0.94921875 0.09765625 0.0296875 0.0796875
2 0.72421875 0.09765625 0.065625 0.0953125
2 0.70859375 0.05625 0.0703125 0.1125
2 0.7984375 0.06640625 0.134375 0.1328125
2 0.62421875 0.278125 0.0875 0.1734375
2 0.29453125 0.11484375 0.053125 0.0828125