2 0.59765625 0.55390625 0.0609375 0.084375
2 0.471875 0.7234375 0.0203125 0.0328125
2 0.89765625 0.69609375 0.115625 0.1046875
2 0.5890625 0.4859375 0.103125 0.109375
2 0.5265625 0.51328125 0.046875 0.0734375
2 0.6328125 0.6296875 0.0734375 0.103125
2 0.596875 0.33515625 0.034375 0.040625
2 0.72421875 0.26796875 0.0328125 0.0515625
2 0.80390625 0.26640625 0.059375 0.0546875
2 0.78515625 0.621875 0.2140625 0.1578125
2 0.9125 0.484375 0.175 0.278125
2 0.7671875 0.21171875 0.1265625 0.128125
2 0.81328125 0.14375 0.0609375 0.08125
2 0.884375 0.19453125 0.1359375 0.1734375
2 0.8578125 0.0609375 0.096875 0.090625
2 0.625 0.09921875 0.0703125 0.0921875
2 0.60546875 0.0640625 0.0796875 0.1078125
2 0.6890625 0.06484375 0.1375 0.1296875
2 0.5609375 0.2765625 0.103125 0.165625
2 0.53984375 0.98046875 0.0640625 0.0390625
2 0.2390625 0.1765625 0.0578125 0.0796875