2 0.41484375 0.45078125 0.059375 0.0875
2 0.56640625 0.28125 0.0203125 0.0359375
2 0.10703125 0.2703125 0.1171875 0.10625
2 0.41796875 0.5234375 0.1046875 0.1109375
2 0.4875 0.50078125 0.046875 0.0765625
2 0.38515625 0.36640625 0.071875 0.1078125
2 0.39609375 0.684375 0.034375 0.040625
2 0.253125 0.74453125 0.0328125 0.0546875
2 0.16875 0.73828125 0.0609375 0.0546875
2 0.221875 0.36015625 0.225 0.15625
2 0.07890625 0.49375 0.1578125 0.29375
2 0.20234375 0.8 0.1265625 0.1296875
2 0.146875 0.86875 0.059375 0.084375
2 0.08828125 0.80390625 0.109375 0.175
2 0.103125 0.95078125 0.075 0.084375
2 0.34296875 0.9328125 0.0703125 0.0953125
2 0.36171875 0.95859375 0.0765625 0.0828125
2 0.27265625 0.95 0.1390625 0.1
2 0.428125 0.75 0.096875 0.1734375
2 0.51875 0.009375 0.0625 0.01875
2 0.76328125 0.88671875 0.05625 0.08125