2 0.41953125 0.578125 0.0453125 0.0765625
2 0.58984375 0.70234375 0.0140625 0.03125
2 0.17578125 0.80078125 0.1 0.0859375
2 0.4078125 0.51171875 0.0859375 0.0921875
2 0.47578125 0.51875 0.0328125 0.06875
2 0.409375 0.66015625 0.053125 0.0953125
2 0.3578125 0.36953125 0.028125 0.034375
2 0.2171875 0.34296875 0.0234375 0.046875
2 0.140625 0.36484375 0.0515625 0.0453125
2 0.2625 0.69765625 0.19375 0.11875
2 0.0984375 0.60390625 0.128125 0.2578125
2 0.159375 0.30234375 0.10625 0.10625
2 0.096875 0.25078125 0.046875 0.0734375
2 0.04765625 0.31953125 0.0953125 0.1546875
2 0.0359375 0.18359375 0.071875 0.0734375
2 0.26171875 0.15390625 0.0546875 0.0828125
2 0.27109375 0.1140625 0.0578125 0.0984375
2 0.18984375 0.13359375 0.115625 0.1171875
2 0.37421875 0.30390625 0.06875 0.1546875
2 0.6015625 0.97578125 0.05625 0.04375
2 0.6515625 0.115625 0.04375 0.071875