2 0.3953125 0.4484375 0.0859375 0.0578125
2 0.29453125 0.6453125 0.034375 0.0203125
2 0.125 0.23203125 0.1046875 0.115625
2 0.4625 0.42578125 0.109375 0.103125
2 0.46640625 0.496875 0.075 0.0453125
2 0.309375 0.45078125 0.10625 0.0703125
2 0.6015625 0.35 0.0390625 0.034375
2 0.60625 0.2 0.053125 0.0328125
2 0.57109375 0.125 0.0546875 0.059375
2 0.24609375 0.3046875 0.1546875 0.21875
2 0.315625 0.1203125 0.284375 0.1734375
2 0.6390625 0.13359375 0.128125 0.1265625
2 0.68125 0.06015625 0.0828125 0.0609375
2 0.6015625 0.04140625 0.175 0.0828125
2 0.740625 0.0140625 0.0875 0.028125
2 0.80859375 0.215625 0.09375 0.06875
2 0.85078125 0.21875 0.109375 0.0765625
2 0.81796875 0.13828125 0.1390625 0.1359375
2 0.671875 0.35703125 0.16875 0.096875
2 0.9125 0.61328125 0.0796875 0.05625