2 0.5765625 0.41953125 0.078125 0.0453125
2 0.70625 0.590625 0.03125 0.0125
2 0.79921875 0.16640625 0.0859375 0.0984375
2 0.5078125 0.40859375 0.0921875 0.0859375
2 0.51640625 0.47734375 0.06875 0.0328125
2 0.659375 0.40703125 0.096875 0.0546875
2 0.3625 0.359375 0.034375 0.028125
2 0.33203125 0.215625 0.0484375 0.0234375
2 0.353125 0.13828125 0.0453125 0.05
2 0.69453125 0.25546875 0.11875 0.196875
2 0.596875 0.090625 0.2609375 0.1265625
2 0.28984375 0.15859375 0.1078125 0.10625
2 0.23671875 0.09453125 0.075 0.0453125
2 0.30625 0.04609375 0.15625 0.0921875
2 0.16796875 0.03515625 0.0734375 0.0703125
2 0.140625 0.265625 0.0859375 0.0546875
2 0.1 0.275 0.0984375 0.0578125
2 0.11875 0.1921875 0.1171875 0.1140625
2 0.29609375 0.37734375 0.1578125 0.06875
2 0.98046875 0.596875 0.0359375 0.05625
2 0.1078125 0.6640625 0.071875 0.04375