2 0.4234375 0.58046875 0.078125 0.0453125
2 0.29375 0.409375 0.03125 0.0125
2 0.20078125 0.83359375 0.0859375 0.0984375
2 0.4921875 0.59140625 0.0921875 0.0859375
2 0.48359375 0.52265625 0.06875 0.0328125
2 0.340625 0.59296875 0.096875 0.0546875
2 0.6375 0.640625 0.034375 0.028125
2 0.66796875 0.784375 0.0484375 0.0234375
2 0.646875 0.86171875 0.0453125 0.05
2 0.30546875 0.74453125 0.11875 0.196875
2 0.403125 0.909375 0.2609375 0.1265625
2 0.71015625 0.84140625 0.1078125 0.10625
2 0.76328125 0.90546875 0.075 0.0453125
2 0.69375 0.95390625 0.15625 0.0921875
2 0.83203125 0.96484375 0.0734375 0.0703125
2 0.859375 0.734375 0.0859375 0.0546875
2 0.9 0.725 0.0984375 0.0578125
2 0.88125 0.8078125 0.1171875 0.1140625
2 0.70390625 0.62265625 0.1578125 0.06875
2 0.01953125 0.403125 0.0359375 0.05625
2 0.8921875 0.3359375 0.071875 0.04375