2 0.59453125 0.4015625 0.0484375 0.0828125
2 0.41171875 0.27734375 0.015625 0.034375
2 0.8421875 0.159375 0.10625 0.09375
2 0.60859375 0.47109375 0.09375 0.1
2 0.53828125 0.46640625 0.0375 0.071875
2 0.603125 0.315625 0.059375 0.1015625
2 0.6671875 0.61796875 0.0296875 0.0359375
2 0.81640625 0.64140625 0.0265625 0.0515625
2 0.8953125 0.615625 0.0546875 0.0484375
2 0.7546875 0.271875 0.2078125 0.1328125
2 0.92890625 0.36171875 0.1421875 0.2734375
2 0.8765625 0.68203125 0.115625 0.1171875
2 0.9453125 0.7328125 0.0515625 0.0796875
2 0.9703125 0.66015625 0.059375 0.1640625
2 0.9859375 0.80078125 0.028125 0.0765625
2 0.775 0.83984375 0.059375 0.0890625
2 0.76796875 0.88203125 0.0640625 0.103125
2 0.8515625 0.859375 0.1234375 0.1265625
2 0.6515625 0.6875 0.078125 0.1640625
2 0.36875 0.8953125 0.0484375 0.0765625