2 0.578125 0.58046875 0.0765625 0.0453125
2 0.70234375 0.41015625 0.03125 0.0140625
2 0.80078125 0.82421875 0.0859375 0.1
2 0.51171875 0.5921875 0.0921875 0.0859375
2 0.51875 0.52421875 0.06875 0.0328125
2 0.66015625 0.590625 0.0953125 0.053125
2 0.36953125 0.6421875 0.034375 0.028125
2 0.34296875 0.7828125 0.046875 0.0234375
2 0.36484375 0.859375 0.0453125 0.0515625
2 0.69765625 0.7375 0.11875 0.19375
2 0.60390625 0.9015625 0.2578125 0.128125
2 0.30234375 0.840625 0.10625 0.10625
2 0.25078125 0.903125 0.0734375 0.046875
2 0.31953125 0.95234375 0.1546875 0.0953125
2 0.18359375 0.9640625 0.0734375 0.071875
2 0.15390625 0.73828125 0.0828125 0.0546875
2 0.1140625 0.72890625 0.0984375 0.0578125
2 0.13359375 0.81015625 0.1171875 0.115625
2 0.30390625 0.62578125 0.1546875 0.06875
2 0.97578125 0.3984375 0.04375 0.05625
2 0.115625 0.3484375 0.071875 0.04375