2 0.45078125 0.58515625 0.0875 0.059375
2 0.28125 0.43359375 0.0359375 0.0203125
2 0.2703125 0.89296875 0.10625 0.1171875
2 0.5234375 0.58203125 0.1109375 0.1046875
2 0.50078125 0.5125 0.0765625 0.046875
2 0.36640625 0.61484375 0.1078125 0.071875
2 0.684375 0.60390625 0.040625 0.034375
2 0.74453125 0.746875 0.0546875 0.0328125
2 0.73828125 0.83125 0.0546875 0.0609375
2 0.36015625 0.778125 0.15625 0.225
2 0.49375 0.92109375 0.29375 0.1578125
2 0.8 0.79765625 0.1296875 0.1265625
2 0.86875 0.853125 0.084375 0.059375
2 0.80390625 0.91171875 0.175 0.109375
2 0.95078125 0.896875 0.084375 0.075
2 0.9328125 0.65703125 0.0953125 0.0703125
2 0.95859375 0.63828125 0.0828125 0.0765625
2 0.95 0.72734375 0.1 0.1390625
2 0.75 0.571875 0.1734375 0.096875
2 0.009375 0.48125 0.01875 0.0625
2 0.88671875 0.23671875 0.08125 0.05625