2 0.6046875 0.5515625 0.0859375 0.0578125
2 0.70546875 0.3546875 0.034375 0.0203125
2 0.875 0.76796875 0.1046875 0.115625
2 0.5375 0.57421875 0.109375 0.103125
2 0.53359375 0.503125 0.075 0.0453125
2 0.690625 0.54921875 0.10625 0.0703125
2 0.3984375 0.65 0.0390625 0.034375
2 0.39375 0.8 0.053125 0.0328125
2 0.42890625 0.875 0.0546875 0.059375
2 0.75390625 0.6953125 0.1546875 0.21875
2 0.684375 0.8796875 0.284375 0.1734375
2 0.3609375 0.86640625 0.128125 0.1265625
2 0.31875 0.93984375 0.0828125 0.0609375
2 0.3984375 0.95859375 0.175 0.0828125
2 0.259375 0.9859375 0.0875 0.028125
2 0.19140625 0.784375 0.09375 0.06875
2 0.14921875 0.78125 0.109375 0.0765625
2 0.18203125 0.86171875 0.1390625 0.1359375
2 0.328125 0.64296875 0.16875 0.096875
2 0.0875 0.38671875 0.0796875 0.05625