2 0.55390625 0.40234375 0.084375 0.0609375
2 0.7234375 0.528125 0.0328125 0.0203125
2 0.69609375 0.10234375 0.1046875 0.115625
2 0.4859375 0.4109375 0.109375 0.103125
2 0.51328125 0.4734375 0.0734375 0.046875
2 0.6296875 0.3671875 0.103125 0.0734375
2 0.33515625 0.403125 0.040625 0.034375
2 0.26796875 0.27578125 0.0515625 0.0328125
2 0.26640625 0.19609375 0.0546875 0.059375
2 0.621875 0.21484375 0.1578125 0.2140625
2 0.484375 0.0875 0.278125 0.175
2 0.21171875 0.2328125 0.128125 0.1265625
2 0.14375 0.18671875 0.08125 0.0609375
2 0.19453125 0.115625 0.1734375 0.1359375
2 0.0609375 0.1421875 0.090625 0.096875
2 0.09921875 0.375 0.0921875 0.0703125
2 0.0640625 0.39453125 0.1078125 0.0796875
2 0.06484375 0.3109375 0.1296875 0.1375
2 0.2765625 0.4390625 0.165625 0.103125
2 0.98046875 0.46015625 0.0390625 0.0640625
2 0.1765625 0.7609375 0.0796875 0.0578125