2 0.58046875 0.5765625 0.0453125 0.078125
2 0.409375 0.70625 0.0125 0.03125
2 0.83359375 0.79921875 0.0984375 0.0859375
2 0.59140625 0.5078125 0.0859375 0.0921875
2 0.52265625 0.51640625 0.0328125 0.06875
2 0.59296875 0.659375 0.0546875 0.096875
2 0.640625 0.3625 0.028125 0.034375
2 0.784375 0.33203125 0.0234375 0.0484375
2 0.86171875 0.353125 0.05 0.0453125
2 0.74453125 0.69453125 0.196875 0.11875
2 0.909375 0.596875 0.1265625 0.2609375
2 0.84140625 0.28984375 0.10625 0.1078125
2 0.90546875 0.23671875 0.0453125 0.075
2 0.95390625 0.30625 0.0921875 0.15625
2 0.96484375 0.16796875 0.0703125 0.0734375
2 0.734375 0.140625 0.0546875 0.0859375
2 0.725 0.1 0.0578125 0.0984375
2 0.8078125 0.11875 0.1140625 0.1171875
2 0.62265625 0.29609375 0.06875 0.1578125
2 0.403125 0.98046875 0.05625 0.0359375
2 0.3359375 0.1078125 0.04375 0.071875