2 0.4171875 0.6171875 0.0890625 0.0546875
2 0.25625 0.4515625 0.0359375 0.01875
2 0.21328125 0.91640625 0.1015625 0.115625
2 0.49140625 0.61953125 0.1078125 0.1
2 0.4734375 0.54765625 0.0765625 0.0421875
2 0.33046875 0.64140625 0.1078125 0.0671875
2 0.65390625 0.653125 0.040625 0.03125
2 0.7046875 0.80234375 0.0546875 0.0296875
2 0.6921875 0.88828125 0.0515625 0.0578125
2 0.31171875 0.80703125 0.1453125 0.221875
2 0.4359375 0.94609375 0.2875 0.1078125
2 0.7578125 0.8578125 0.125 0.1234375
2 0.82265625 0.91953125 0.084375 0.05625
2 0.7515625 0.9546875 0.1703125 0.0609375
2 0.90234375 0.94921875 0.0796875 0.0296875
2 0.90234375 0.72421875 0.0953125 0.065625
2 0.94375 0.70859375 0.1125 0.0703125
2 0.93359375 0.7984375 0.1328125 0.134375
2 0.721875 0.62421875 0.1734375 0.0875
2 0.88515625 0.29453125 0.0828125 0.053125