2 0.40546875 0.5984375 0.0484375 0.0828125
2 0.58828125 0.72265625 0.015625 0.034375
2 0.1578125 0.840625 0.10625 0.09375
2 0.39140625 0.52890625 0.09375 0.1
2 0.46171875 0.53359375 0.0375 0.071875
2 0.396875 0.684375 0.059375 0.1015625
2 0.3328125 0.38203125 0.0296875 0.0359375
2 0.18359375 0.35859375 0.0265625 0.0515625
2 0.1046875 0.384375 0.0546875 0.0484375
2 0.2453125 0.728125 0.2078125 0.1328125
2 0.07109375 0.63828125 0.1421875 0.2734375
2 0.1234375 0.31796875 0.115625 0.1171875
2 0.0546875 0.2671875 0.0515625 0.0796875
2 0.0296875 0.33984375 0.059375 0.1640625
2 0.0140625 0.19921875 0.028125 0.0765625
2 0.225 0.16015625 0.059375 0.0890625
2 0.23203125 0.11796875 0.0640625 0.103125
2 0.1484375 0.140625 0.1234375 0.1265625
2 0.3484375 0.3125 0.078125 0.1640625
2 0.63125 0.1046875 0.0484375 0.0765625