2 0.55625 0.55078125 0.0625 0.090625
2 0.3484375 0.6484375 0.0234375 0.0375
2 0.77109375 0.83984375 0.121875 0.1125
2 0.58203125 0.48203125 0.109375 0.1140625
2 0.50859375 0.47578125 0.05 0.078125
2 0.55078125 0.640625 0.078125 0.1125
2 0.66640625 0.340625 0.0359375 0.040625
2 0.82265625 0.34140625 0.0359375 0.0578125
2 0.89921875 0.38046875 0.0625 0.0578125
2 0.70078125 0.71171875 0.23125 0.165625
2 0.8953125 0.64609375 0.1875 0.3
2 0.89296875 0.309375 0.134375 0.134375
2 0.96953125 0.26796875 0.0609375 0.0859375
2 0.9703125 0.35078125 0.059375 0.1796875
2 0.81328125 0.1296875 0.075 0.1
2 0.809375 0.0984375 0.075 0.0890625
2 0.89296875 0.13203125 0.140625 0.13125
2 0.66171875 0.26640625 0.10625 0.1765625
2 0.2796875 0.93828125 0.0703125 0.059375
2 0.40390625 0.025 0.0609375 0.05