2 0.421875 0.41953125 0.0765625 0.0453125
2 0.29765625 0.58984375 0.03125 0.0140625
2 0.19921875 0.17578125 0.0859375 0.1
2 0.48828125 0.4078125 0.0921875 0.0859375
2 0.48125 0.47578125 0.06875 0.0328125
2 0.33984375 0.409375 0.0953125 0.053125
2 0.63046875 0.3578125 0.034375 0.028125
2 0.65703125 0.2171875 0.046875 0.0234375
2 0.63515625 0.140625 0.0453125 0.0515625
2 0.30234375 0.2625 0.11875 0.19375
2 0.39609375 0.0984375 0.2578125 0.128125
2 0.69765625 0.159375 0.10625 0.10625
2 0.74921875 0.096875 0.0734375 0.046875
2 0.68046875 0.04765625 0.1546875 0.0953125
2 0.81640625 0.0359375 0.0734375 0.071875
2 0.84609375 0.26171875 0.0828125 0.0546875
2 0.8859375 0.27109375 0.0984375 0.0578125
2 0.86640625 0.18984375 0.1171875 0.115625
2 0.69609375 0.37421875 0.1546875 0.06875
2 0.02421875 0.6015625 0.04375 0.05625
2 0.884375 0.6515625 0.071875 0.04375