2 0.55078125 0.44375 0.090625 0.0625
2 0.6484375 0.6515625 0.0375 0.0234375
2 0.83984375 0.22890625 0.1125 0.121875
2 0.48203125 0.41796875 0.1140625 0.109375
2 0.47578125 0.49140625 0.078125 0.05
2 0.640625 0.44921875 0.1125 0.078125
2 0.340625 0.33359375 0.040625 0.0359375
2 0.34140625 0.17734375 0.0578125 0.0359375
2 0.38046875 0.10078125 0.0578125 0.0625
2 0.71171875 0.29921875 0.165625 0.23125
2 0.64609375 0.1046875 0.3 0.1875
2 0.309375 0.10703125 0.134375 0.134375
2 0.26796875 0.03046875 0.0859375 0.0609375
2 0.35078125 0.0296875 0.1796875 0.059375
2 0.1296875 0.18671875 0.1 0.075
2 0.0984375 0.190625 0.0890625 0.075
2 0.13203125 0.10703125 0.13125 0.140625
2 0.26640625 0.33828125 0.1765625 0.10625
2 0.93828125 0.7203125 0.059375 0.0703125
2 0.025 0.59609375 0.05 0.0609375