2 0.40234375 0.44609375 0.0609375 0.084375
2 0.528125 0.2765625 0.0203125 0.0328125
2 0.10234375 0.30390625 0.115625 0.1046875
2 0.4109375 0.5140625 0.103125 0.109375
2 0.4734375 0.48671875 0.046875 0.0734375
2 0.3671875 0.3703125 0.0734375 0.103125
2 0.403125 0.66484375 0.034375 0.040625
2 0.27578125 0.73203125 0.0328125 0.0515625
2 0.19609375 0.73359375 0.059375 0.0546875
2 0.21484375 0.378125 0.2140625 0.1578125
2 0.0875 0.515625 0.175 0.278125
2 0.2328125 0.78828125 0.1265625 0.128125
2 0.18671875 0.85625 0.0609375 0.08125
2 0.115625 0.80546875 0.1359375 0.1734375
2 0.1421875 0.9390625 0.096875 0.090625
2 0.375 0.90078125 0.0703125 0.0921875
2 0.39453125 0.9359375 0.0796875 0.1078125
2 0.3109375 0.93515625 0.1375 0.1296875
2 0.4390625 0.7234375 0.103125 0.165625
2 0.46015625 0.01953125 0.0640625 0.0390625
2 0.7609375 0.8234375 0.0578125 0.0796875