2 0.55234375 0.55078125 0.0890625 0.0578125
2 0.66484375 0.35078125 0.0359375 0.0203125
2 0.82578125 0.7859375 0.10625 0.1171875
2 0.48125 0.57265625 0.109375 0.1046875
2 0.4796875 0.4984375 0.0765625 0.0453125
2 0.64296875 0.5515625 0.1109375 0.071875
2 0.33515625 0.64609375 0.040625 0.0328125
2 0.32421875 0.80234375 0.05625 0.0328125
2 0.3578125 0.88203125 0.0546875 0.059375
2 0.70234375 0.70625 0.153125 0.2265625
2 0.6234375 0.8953125 0.2953125 0.1703125
2 0.28828125 0.86953125 0.128125 0.128125
2 0.240625 0.9453125 0.084375 0.0578125
2 0.321875 0.9625 0.178125 0.075
2 0.1765625 0.9890625 0.0875 0.021875
2 0.1140625 0.77890625 0.096875 0.06875
2 0.0796875 0.77265625 0.0921875 0.071875
2 0.10703125 0.8578125 0.1296875 0.1359375
2 0.26171875 0.63671875 0.175 0.0953125
2 0.95546875 0.30234375 0.0484375 0.065625
2 0.03046875 0.3609375 0.0609375 0.05625