2 0.44921875 0.55625 0.090625 0.0625
2 0.3515625 0.3484375 0.0375 0.0234375
2 0.16015625 0.77109375 0.1125 0.121875
2 0.51796875 0.58203125 0.1140625 0.109375
2 0.52421875 0.50859375 0.078125 0.05
2 0.359375 0.55078125 0.1125 0.078125
2 0.659375 0.66640625 0.040625 0.0359375
2 0.65859375 0.82265625 0.0578125 0.0359375
2 0.61953125 0.89921875 0.0578125 0.0625
2 0.28828125 0.70078125 0.165625 0.23125
2 0.35390625 0.8953125 0.3 0.1875
2 0.690625 0.89296875 0.134375 0.134375
2 0.73203125 0.96953125 0.0859375 0.0609375
2 0.64921875 0.9703125 0.1796875 0.059375
2 0.8703125 0.81328125 0.1 0.075
2 0.9015625 0.809375 0.0890625 0.075
2 0.86796875 0.89296875 0.13125 0.140625
2 0.73359375 0.66171875 0.1765625 0.10625
2 0.06171875 0.2796875 0.059375 0.0703125
2 0.975 0.40390625 0.05 0.0609375