2 0.59453125 0.03984375 0.13125 0.078125
2 0.1328125 0.071875 0.1234375 0.134375
2 0.5875 0.471875 0.0390625 0.0734375
2 0.24140625 0.975 0.05625 0.0421875
2 0.0359375 0.71484375 0.071875 0.1109375
2 0.20859375 0.78125 0.025 0.040625
2 0.1609375 0.5 0.0421875 0.0875
2 0.07578125 0.52890625 0.0921875 0.115625
2 0.2484375 0.6984375 0.08125 0.153125
2 0.07421875 0.259375 0.1484375 0.4125
2 0.2046875 0.02734375 0.0625 0.0546875
2 0.1546875 0.37578125 0.1421875 0.13125
2 0.06171875 0.753125 0.0265625 0.05