2 0.03984375 0.40546875 0.078125 0.13125
2 0.071875 0.8671875 0.134375 0.1234375
2 0.471875 0.4125 0.0734375 0.0390625
2 0.975 0.75859375 0.0421875 0.05625
2 0.71484375 0.9640625 0.1109375 0.071875
2 0.78125 0.79140625 0.040625 0.025
2 0.5 0.8390625 0.0875 0.0421875
2 0.52890625 0.92421875 0.115625 0.0921875
2 0.6984375 0.7515625 0.153125 0.08125
2 0.259375 0.92578125 0.4125 0.1484375
2 0.02734375 0.7953125 0.0546875 0.0625
2 0.37578125 0.8453125 0.13125 0.1421875
2 0.753125 0.93828125 0.05 0.0265625