2 0.3734375 0.95390625 0.1375 0.084375
2 0.84140625 0.94609375 0.1359375 0.1078125
2 0.41875 0.521875 0.0453125 0.078125
2 0.81171875 0.0484375 0.059375 0.0421875
2 0.97734375 0.325 0.0453125 0.115625
2 0.82734375 0.24453125 0.0296875 0.04375
2 0.85078125 0.53046875 0.05 0.0921875
2 0.9390625 0.51015625 0.1015625 0.125
2 0.78203125 0.32265625 0.0953125 0.1609375
2 0.909375 0.78046875 0.16875 0.4234375
2 0.76484375 0.98671875 0.0671875 0.0265625
2 0.846875 0.65703125 0.1546875 0.1453125
2 0.9734375 0.28515625 0.0296875 0.053125