2 0.428125 0.03359375 0.1375 0.0671875
2 0.89609375 0.096875 0.1328125 0.14375
2 0.39765625 0.4640625 0.0421875 0.078125
2 0.70625 0.99296875 0.059375 0.0140625
2 0.9421875 0.76015625 0.0890625 0.115625
2 0.75546875 0.8125 0.028125 0.0421875
2 0.82890625 0.53046875 0.046875 0.09375
2 0.9125 0.5671875 0.1 0.1234375
2 0.7234375 0.72578125 0.0921875 0.159375
2 0.92734375 0.29375 0.1453125 0.428125
2 0.82734375 0.046875 0.065625 0.0546875
2 0.84765625 0.40546875 0.153125 0.140625
2 0.9078125 0.796875 0.028125 0.0546875