2 0.03203125 0.4453125 0.0640625 0.134375
2 0.09375 0.9046875 0.140625 0.13125
2 0.45234375 0.41640625 0.0765625 0.0421875
2 0.98125 0.715625 0.0375 0.059375
2 0.74375 0.946875 0.1140625 0.0828125
2 0.79375 0.7671875 0.0421875 0.028125
2 0.51875 0.83828125 0.090625 0.046875
2 0.55390625 0.92109375 0.1203125 0.0984375
2 0.709375 0.73515625 0.15625 0.0890625
2 0.2859375 0.93046875 0.41875 0.1390625
2 0.04609375 0.8375 0.0515625 0.0640625
2 0.39609375 0.85625 0.1375 0.15
2 0.7796875 0.91484375 0.0515625 0.028125