2 0.03359375 0.571875 0.0671875 0.1375
2 0.096875 0.10390625 0.14375 0.1328125
2 0.4640625 0.60234375 0.078125 0.0421875
2 0.99296875 0.29375 0.0140625 0.059375
2 0.76015625 0.0578125 0.115625 0.0890625
2 0.8125 0.24453125 0.0421875 0.028125
2 0.53046875 0.17109375 0.09375 0.046875
2 0.5671875 0.0875 0.1234375 0.1
2 0.72578125 0.2765625 0.159375 0.0921875
2 0.29375 0.07265625 0.428125 0.1453125
2 0.046875 0.17265625 0.0546875 0.065625
2 0.40546875 0.15234375 0.140625 0.153125
2 0.796875 0.0921875 0.0546875 0.028125