2 0.04609375 0.3734375 0.084375 0.1375
2 0.05390625 0.84140625 0.1078125 0.1359375
2 0.478125 0.41875 0.078125 0.0453125
2 0.9515625 0.81171875 0.0421875 0.059375
2 0.675 0.97734375 0.115625 0.0453125
2 0.75546875 0.82734375 0.04375 0.0296875
2 0.46953125 0.85078125 0.0921875 0.05
2 0.48984375 0.9390625 0.125 0.1015625
2 0.67734375 0.78203125 0.1609375 0.0953125
2 0.21953125 0.909375 0.4234375 0.16875
2 0.01328125 0.76484375 0.0265625 0.0671875
2 0.34296875 0.846875 0.1453125 0.1546875
2 0.71484375 0.9734375 0.053125 0.0296875