2 0.571875 0.96640625 0.1375 0.0671875
2 0.10390625 0.903125 0.1328125 0.14375
2 0.60234375 0.5359375 0.0421875 0.078125
2 0.29375 0.00703125 0.059375 0.0140625
2 0.0578125 0.23984375 0.0890625 0.115625
2 0.24453125 0.1875 0.028125 0.0421875
2 0.17109375 0.46953125 0.046875 0.09375
2 0.0875 0.4328125 0.1 0.1234375
2 0.2765625 0.27421875 0.0921875 0.159375
2 0.07265625 0.70625 0.1453125 0.428125
2 0.17265625 0.953125 0.065625 0.0546875
2 0.15234375 0.59453125 0.153125 0.140625
2 0.0921875 0.203125 0.028125 0.0546875