2 0.65 0.0484375 0.1390625 0.08125
2 0.1796875 0.04609375 0.140625 0.0921875
2 0.58984375 0.47734375 0.046875 0.0796875
2 0.178125 0.940625 0.0609375 0.0453125
2 0.02265625 0.65390625 0.0453125 0.1171875
2 0.16953125 0.7421875 0.0296875 0.0421875
2 0.15625 0.45390625 0.053125 0.0953125
2 0.0671875 0.47109375 0.1078125 0.1265625
2 0.21875 0.66484375 0.1 0.1625
2 0.103125 0.2078125 0.1875 0.415625
2 0.2578125 0.00546875 0.06875 0.0109375
2 0.16484375 0.32734375 0.1609375 0.15
2 0.025 0.696875 0.0328125 0.05625