2 0.6265625 0.04609375 0.1375 0.084375
2 0.15859375 0.05390625 0.1359375 0.1078125
2 0.58125 0.478125 0.0453125 0.078125
2 0.18828125 0.9515625 0.059375 0.0421875
2 0.02265625 0.675 0.0453125 0.115625
2 0.17265625 0.75546875 0.0296875 0.04375
2 0.14921875 0.46953125 0.05 0.0921875
2 0.0609375 0.48984375 0.1015625 0.125
2 0.21796875 0.67734375 0.0953125 0.1609375
2 0.090625 0.21953125 0.16875 0.4234375
2 0.23515625 0.01328125 0.0671875 0.0265625
2 0.153125 0.34296875 0.1546875 0.1453125
2 0.0265625 0.71484375 0.0296875 0.053125