2 0.9515625 0.65 0.08125 0.1390625
2 0.95390625 0.1796875 0.0921875 0.140625
2 0.52265625 0.58984375 0.0796875 0.046875
2 0.059375 0.178125 0.0453125 0.0609375
2 0.34609375 0.02265625 0.1171875 0.0453125
2 0.2578125 0.16953125 0.0421875 0.0296875
2 0.54609375 0.15625 0.0953125 0.053125
2 0.52890625 0.0671875 0.1265625 0.1078125
2 0.33515625 0.21875 0.1625 0.1
2 0.7921875 0.103125 0.415625 0.1875
2 0.99453125 0.2578125 0.0109375 0.06875
2 0.67265625 0.16484375 0.15 0.1609375
2 0.303125 0.025 0.05625 0.0328125