2 0.40546875 0.96015625 0.13125 0.078125
2 0.8671875 0.928125 0.1234375 0.134375
2 0.4125 0.528125 0.0390625 0.0734375
2 0.75859375 0.025 0.05625 0.0421875
2 0.9640625 0.28515625 0.071875 0.1109375
2 0.79140625 0.21875 0.025 0.040625
2 0.8390625 0.5 0.0421875 0.0875
2 0.92421875 0.47109375 0.0921875 0.115625
2 0.7515625 0.3015625 0.08125 0.153125
2 0.92578125 0.740625 0.1484375 0.4125
2 0.7953125 0.97265625 0.0625 0.0546875
2 0.8453125 0.62421875 0.1421875 0.13125
2 0.93828125 0.246875 0.0265625 0.05