2 0.08984375 0.50625 0.1078125 0.078125
2 0.30390625 0.09921875 0.040625 0.0328125
2 0.29765625 0.04609375 0.1484375 0.090625
2 0.171875 0.1484375 0.034375 0.028125
2 0.21953125 0.184375 0.071875 0.0359375
2 0.24140625 0.1203125 0.04375 0.0265625
2 0.14375 0.1078125 0.0265625 0.0171875
2 0.4546875 0.1 0.078125 0.0625
2 0.4125 0.14140625 0.0578125 0.0484375
2 0.3546875 0.10703125 0.06875 0.0546875
2 0.36171875 0.14140625 0.05 0.03125
2 0.41328125 0.246875 0.0796875 0.065625
2 0.58359375 0.4515625 0.034375 0.0125
2 0.82734375 0.33828125 0.078125 0.0640625
2 0.13671875 0.16640625 0.10625 0.1078125
2 0.1734375 0.240625 0.0234375 0.0125
2 0.22265625 0.0421875 0.0390625 0.03125
2 0.19609375 0.1375 0.0296875 0.025