2 0.90859375 0.4875 0.115625 0.0890625
2 0.65 0.0859375 0.0453125 0.0359375
2 0.65078125 0.0421875 0.1578125 0.084375
2 0.79140625 0.125 0.0359375 0.03125
2 0.7453125 0.16640625 0.075 0.04375
2 0.71640625 0.10234375 0.0453125 0.03125
2 0.81484375 0.0796875 0.03125 0.0203125
2 0.49453125 0.1 0.0859375 0.0703125
2 0.540625 0.1390625 0.0640625 0.0546875
2 0.59765625 0.09921875 0.0734375 0.0625
2 0.59375 0.134375 0.053125 0.0359375
2 0.55 0.24921875 0.084375 0.0734375
2 0.39296875 0.4765625 0.0375 0.015625
2 0.13046875 0.38125 0.0859375 0.071875
2 0.82890625 0.13984375 0.1171875 0.11875
2 0.79765625 0.21953125 0.0234375 0.0140625
2 0.72890625 0.01953125 0.0421875 0.0359375
2 0.76484375 0.115625 0.0328125 0.028125