2 0.52265625 0.08125 0.0890625 0.11875
2 0.93515625 0.3375 0.0375 0.0453125
2 0.96953125 0.334375 0.0609375 0.159375
2 0.89375 0.19453125 0.03125 0.0375
2 0.8515625 0.2421875 0.0421875 0.0765625
2 0.91796875 0.27109375 0.03125 0.046875
2 0.93828125 0.16875 0.021875 0.03125
2 0.92421875 0.496875 0.0703125 0.0859375
2 0.8828125 0.44921875 0.0546875 0.0640625
2 0.9234375 0.39140625 0.0625 0.075
2 0.8875 0.3953125 0.0359375 0.0546875
2 0.77109375 0.44296875 0.0734375 0.0859375
2 0.54296875 0.60625 0.0171875 0.0390625
2 0.64453125 0.871875 0.071875 0.0859375
2 0.87734375 0.15703125 0.11875 0.11875
2 0.796875 0.18984375 0.0140625 0.0234375
2 0.9921875 0.25546875 0.015625 0.0421875
2 0.903125 0.221875 0.028125 0.0328125