2 0.59609375 0.08203125 0.071875 0.1078125
2 0.128125 0.23203125 0.03125 0.0421875
2 0.07265625 0.2171875 0.0828125 0.153125
2 0.2046875 0.1015625 0.0265625 0.0359375
2 0.2328125 0.159375 0.03125 0.0734375
2 0.16171875 0.17109375 0.0234375 0.04375
2 0.16640625 0.06640625 0.0171875 0.028125
2 0.10078125 0.39140625 0.059375 0.0796875
2 0.1515625 0.3546875 0.046875 0.059375
2 0.1265625 0.2875 0.0515625 0.0671875
2 0.16171875 0.3015625 0.028125 0.0515625
2 0.26328125 0.375 0.0625 0.0765625
2 0.44765625 0.5921875 0.0109375 0.0375
2 0.28203125 0.828125 0.0625 0.0796875
2 0.2296875 0.06875 0.10625 0.103125
2 0.3 0.12109375 0.009375 0.021875
2 0.0828125 0.1359375 0.0296875 0.040625
2 0.1875 0.1265625 0.025 0.0296875