2 0.5125 0.90859375 0.0890625 0.115625
2 0.9140625 0.65 0.0359375 0.0453125
2 0.9578125 0.65078125 0.084375 0.1578125
2 0.875 0.79140625 0.03125 0.0359375
2 0.83359375 0.7453125 0.04375 0.075
2 0.89765625 0.71640625 0.03125 0.0453125
2 0.9203125 0.81484375 0.0203125 0.03125
2 0.9 0.49453125 0.0703125 0.0859375
2 0.8609375 0.540625 0.0546875 0.0640625
2 0.90078125 0.59765625 0.0625 0.0734375
2 0.865625 0.59375 0.0359375 0.053125
2 0.75078125 0.55 0.0734375 0.084375
2 0.5234375 0.39296875 0.015625 0.0375
2 0.61875 0.13046875 0.071875 0.0859375
2 0.86015625 0.82890625 0.11875 0.1171875
2 0.78046875 0.79765625 0.0140625 0.0234375
2 0.98046875 0.72890625 0.0359375 0.0421875
2 0.884375 0.76484375 0.028125 0.0328125