2 0.29765625 0.08515625 0.0859375 0.1125
2 0.76640625 0.1390625 0.0359375 0.04375
2 0.8140625 0.11484375 0.1046875 0.15625
2 0.67109375 0.03046875 0.03125 0.0375
2 0.653125 0.0890625 0.04375 0.075
2 0.7234375 0.0875 0.03125 0.0453125
2 0.82109375 0.28359375 0.06875 0.084375
2 0.765625 0.259375 0.0546875 0.0640625
2 0.77734375 0.19140625 0.0609375 0.0734375
2 0.74765625 0.21015625 0.0359375 0.053125
2 0.6640625 0.2984375 0.0703125 0.0828125
2 0.53125 0.53671875 0.015625 0.0375
2 0.7296875 0.72890625 0.071875 0.0859375
2 0.8765625 0.07109375 0.034375 0.034375
2 0.640625 0.03125 0.115625 0.0625
2 0.58359375 0.06640625 0.0140625 0.0234375
2 0.790625 0.03984375 0.034375 0.0421875
2 0.68984375 0.05078125 0.028125 0.0328125