2 0.5140625 0.91640625 0.08125 0.1078125
2 0.896875 0.67890625 0.0359375 0.0421875
2 0.94921875 0.68125 0.0984375 0.15
2 0.8578125 0.81171875 0.0296875 0.0359375
2 0.81953125 0.7671875 0.0390625 0.0703125
2 0.88046875 0.74140625 0.028125 0.04375
2 0.89921875 0.83515625 0.0171875 0.0265625
2 0.8859375 0.53203125 0.065625 0.08125
2 0.8484375 0.575 0.0515625 0.0609375
2 0.8859375 0.6296875 0.0578125 0.06875
2 0.8515625 0.62578125 0.034375 0.0515625
2 0.7453125 0.58203125 0.065625 0.078125
2 0.5328125 0.4296875 0.0140625 0.0359375
2 0.62734375 0.18359375 0.0671875 0.0796875
2 0.84296875 0.846875 0.1109375 0.109375
2 0.76875 0.815625 0.0140625 0.021875
2 0.95859375 0.7546875 0.03125 0.0390625
2 0.8671875 0.78671875 0.0265625 0.0296875