2 0.91875 0.52265625 0.11875 0.0890625
2 0.6625 0.93515625 0.0453125 0.0375
2 0.665625 0.96953125 0.159375 0.0609375
2 0.80546875 0.89375 0.0375 0.03125
2 0.7578125 0.8515625 0.0765625 0.0421875
2 0.72890625 0.91796875 0.046875 0.03125
2 0.83125 0.93828125 0.03125 0.021875
2 0.503125 0.92421875 0.0859375 0.0703125
2 0.55078125 0.8828125 0.0640625 0.0546875
2 0.60859375 0.9234375 0.075 0.0625
2 0.6046875 0.8875 0.0546875 0.0359375
2 0.55703125 0.77109375 0.0859375 0.0734375
2 0.39375 0.54296875 0.0390625 0.0171875
2 0.128125 0.64453125 0.0859375 0.071875
2 0.84296875 0.87734375 0.11875 0.11875
2 0.81015625 0.796875 0.0234375 0.0140625
2 0.74453125 0.9921875 0.0421875 0.015625
2 0.778125 0.903125 0.0328125 0.028125