2 0.70234375 0.91484375 0.0859375 0.1125
2 0.23359375 0.8609375 0.0359375 0.04375
2 0.1859375 0.88515625 0.1046875 0.15625
2 0.32890625 0.96953125 0.03125 0.0375
2 0.346875 0.9109375 0.04375 0.075
2 0.2765625 0.9125 0.03125 0.0453125
2 0.17890625 0.71640625 0.06875 0.084375
2 0.234375 0.740625 0.0546875 0.0640625
2 0.22265625 0.80859375 0.0609375 0.0734375
2 0.25234375 0.78984375 0.0359375 0.053125
2 0.3359375 0.7015625 0.0703125 0.0828125
2 0.46875 0.46328125 0.015625 0.0375
2 0.2703125 0.27109375 0.071875 0.0859375
2 0.1234375 0.92890625 0.034375 0.034375
2 0.359375 0.96875 0.115625 0.0625
2 0.41640625 0.93359375 0.0140625 0.0234375
2 0.209375 0.96015625 0.034375 0.0421875
2 0.31015625 0.94921875 0.028125 0.0328125