2 0.5015625 0.08828125 0.078125 0.10625
2 0.11328125 0.309375 0.034375 0.0421875
2 0.06171875 0.30703125 0.0921875 0.1453125
2 0.15625 0.1796875 0.0265625 0.034375
2 0.19296875 0.225 0.0359375 0.06875
2 0.13203125 0.24921875 0.0265625 0.04375
2 0.11640625 0.1546875 0.0171875 0.0265625
2 0.11875 0.45703125 0.0609375 0.078125
2 0.1578125 0.4140625 0.05 0.059375
2 0.121875 0.359375 0.05625 0.0671875
2 0.15546875 0.365625 0.0328125 0.0484375
2 0.2609375 0.41171875 0.0640625 0.0765625
2 0.46640625 0.5703125 0.0140625 0.0359375
2 0.3640625 0.81171875 0.0640625 0.078125
2 0.0046875 0.29140625 0.009375 0.0328125
2 0.17265625 0.1453125 0.1078125 0.1078125
2 0.24609375 0.178125 0.0125 0.021875
2 0.0546875 0.23359375 0.03125 0.0375
2 0.146875 0.2046875 0.0265625 0.028125