2 0.91015625 0.49375 0.1078125 0.078125
2 0.69609375 0.90078125 0.040625 0.0328125
2 0.70234375 0.95390625 0.1484375 0.090625
2 0.828125 0.8515625 0.034375 0.028125
2 0.78046875 0.815625 0.071875 0.0359375
2 0.75859375 0.8796875 0.04375 0.0265625
2 0.85625 0.8921875 0.0265625 0.0171875
2 0.5453125 0.9 0.078125 0.0625
2 0.5875 0.85859375 0.0578125 0.0484375
2 0.6453125 0.89296875 0.06875 0.0546875
2 0.63828125 0.85859375 0.05 0.03125
2 0.58671875 0.753125 0.0796875 0.065625
2 0.41640625 0.5484375 0.034375 0.0125
2 0.17265625 0.66171875 0.078125 0.0640625
2 0.86328125 0.83359375 0.10625 0.1078125
2 0.8265625 0.759375 0.0234375 0.0125
2 0.77734375 0.9578125 0.0390625 0.03125
2 0.80390625 0.8625 0.0296875 0.025