2 0.40625 0.08203125 0.075 0.1078125
2 0.86328125 0.20234375 0.03125 0.0421875
2 0.91484375 0.18515625 0.0875 0.15
2 0.78359375 0.08203125 0.028125 0.0328125
2 0.75859375 0.1375 0.034375 0.071875
2 0.82734375 0.14609375 0.025 0.04375
2 0.81796875 0.0453125 0.015625 0.028125
2 0.89765625 0.35390625 0.059375 0.0796875
2 0.84609375 0.321875 0.0484375 0.059375
2 0.8671875 0.25625 0.053125 0.0671875
2 0.834375 0.27109375 0.0296875 0.05
2 0.73984375 0.346875 0.0625 0.0765625
2 0.575 0.5640625 0.0109375 0.0359375
2 0.74453125 0.78203125 0.0625 0.078125
2 0.75703125 0.0515625 0.1046875 0.103125
2 0.6921875 0.10546875 0.0109375 0.021875
2 0.9015625 0.10859375 0.0296875 0.0390625
2 0.79921875 0.1046875 0.025 0.0296875