2 0.59375 0.91796875 0.075 0.1078125
2 0.13671875 0.79765625 0.03125 0.0421875
2 0.08515625 0.81484375 0.0875 0.15
2 0.21640625 0.91796875 0.028125 0.0328125
2 0.24140625 0.8625 0.034375 0.071875
2 0.17265625 0.85390625 0.025 0.04375
2 0.18203125 0.9546875 0.015625 0.028125
2 0.10234375 0.64609375 0.059375 0.0796875
2 0.15390625 0.678125 0.0484375 0.059375
2 0.1328125 0.74375 0.053125 0.0671875
2 0.165625 0.72890625 0.0296875 0.05
2 0.26015625 0.653125 0.0625 0.0765625
2 0.425 0.4359375 0.0109375 0.0359375
2 0.25546875 0.21796875 0.0625 0.078125
2 0.24296875 0.9484375 0.1046875 0.103125
2 0.3078125 0.89453125 0.0109375 0.021875
2 0.0984375 0.89140625 0.0296875 0.0390625
2 0.20078125 0.8953125 0.025 0.0296875