2 0.91640625 0.4859375 0.1078125 0.08125
2 0.67890625 0.103125 0.0421875 0.0359375
2 0.68125 0.05078125 0.15 0.0984375
2 0.81171875 0.1421875 0.0359375 0.0296875
2 0.7671875 0.18046875 0.0703125 0.0390625
2 0.74140625 0.11953125 0.04375 0.028125
2 0.83515625 0.10078125 0.0265625 0.0171875
2 0.53203125 0.1140625 0.08125 0.065625
2 0.575 0.1515625 0.0609375 0.0515625
2 0.6296875 0.1140625 0.06875 0.0578125
2 0.62578125 0.1484375 0.0515625 0.034375
2 0.58203125 0.2546875 0.078125 0.065625
2 0.4296875 0.4671875 0.0359375 0.0140625
2 0.18359375 0.37265625 0.0796875 0.0671875
2 0.846875 0.15703125 0.109375 0.1109375
2 0.815625 0.23125 0.021875 0.0140625
2 0.7546875 0.04140625 0.0390625 0.03125
2 0.78671875 0.1328125 0.0296875 0.0265625