2 0.08203125 0.40390625 0.1078125 0.071875
2 0.23203125 0.871875 0.0421875 0.03125
2 0.2171875 0.92734375 0.153125 0.0828125
2 0.1015625 0.7953125 0.0359375 0.0265625
2 0.159375 0.7671875 0.0734375 0.03125
2 0.17109375 0.83828125 0.04375 0.0234375
2 0.06640625 0.83359375 0.028125 0.0171875
2 0.39140625 0.89921875 0.0796875 0.059375
2 0.3546875 0.8484375 0.059375 0.046875
2 0.2875 0.8734375 0.0671875 0.0515625
2 0.3015625 0.83828125 0.0515625 0.028125
2 0.375 0.73671875 0.0765625 0.0625
2 0.5921875 0.55234375 0.0375 0.0109375
2 0.828125 0.71796875 0.0796875 0.0625
2 0.06875 0.7703125 0.103125 0.10625
2 0.12109375 0.7 0.021875 0.009375
2 0.1359375 0.9171875 0.040625 0.0296875
2 0.1265625 0.8125 0.0296875 0.025