2 0.4984375 0.91171875 0.078125 0.10625
2 0.88671875 0.690625 0.034375 0.0421875
2 0.93828125 0.69296875 0.0921875 0.1453125
2 0.84375 0.8203125 0.0265625 0.034375
2 0.80703125 0.775 0.0359375 0.06875
2 0.86796875 0.75078125 0.0265625 0.04375
2 0.88359375 0.8453125 0.0171875 0.0265625
2 0.88125 0.54296875 0.0609375 0.078125
2 0.8421875 0.5859375 0.05 0.059375
2 0.878125 0.640625 0.05625 0.0671875
2 0.84453125 0.634375 0.0328125 0.0484375
2 0.7390625 0.58828125 0.0640625 0.0765625
2 0.53359375 0.4296875 0.0140625 0.0359375
2 0.6359375 0.18828125 0.0640625 0.078125
2 0.9953125 0.70859375 0.009375 0.0328125
2 0.82734375 0.8546875 0.1078125 0.1078125
2 0.75390625 0.821875 0.0125 0.021875
2 0.9453125 0.76640625 0.03125 0.0375
2 0.853125 0.7953125 0.0265625 0.028125