2 0.08359375 0.5140625 0.1078125 0.08125
2 0.32109375 0.896875 0.0421875 0.0359375
2 0.31875 0.94921875 0.15 0.0984375
2 0.18828125 0.8578125 0.0359375 0.0296875
2 0.2328125 0.81953125 0.0703125 0.0390625
2 0.25859375 0.88046875 0.04375 0.028125
2 0.16484375 0.89921875 0.0265625 0.0171875
2 0.46796875 0.8859375 0.08125 0.065625
2 0.425 0.8484375 0.0609375 0.0515625
2 0.3703125 0.8859375 0.06875 0.0578125
2 0.37421875 0.8515625 0.0515625 0.034375
2 0.41796875 0.7453125 0.078125 0.065625
2 0.5703125 0.5328125 0.0359375 0.0140625
2 0.81640625 0.62734375 0.0796875 0.0671875
2 0.153125 0.84296875 0.109375 0.1109375
2 0.184375 0.76875 0.021875 0.0140625
2 0.2453125 0.95859375 0.0390625 0.03125
2 0.21328125 0.8671875 0.0296875 0.0265625