2 0.91796875 0.59609375 0.1078125 0.071875
2 0.76796875 0.128125 0.0421875 0.03125
2 0.7828125 0.07265625 0.153125 0.0828125
2 0.8984375 0.2046875 0.0359375 0.0265625
2 0.840625 0.2328125 0.0734375 0.03125
2 0.82890625 0.16171875 0.04375 0.0234375
2 0.93359375 0.16640625 0.028125 0.0171875
2 0.60859375 0.10078125 0.0796875 0.059375
2 0.6453125 0.1515625 0.059375 0.046875
2 0.7125 0.1265625 0.0671875 0.0515625
2 0.6984375 0.16171875 0.0515625 0.028125
2 0.625 0.26328125 0.0765625 0.0625
2 0.4078125 0.44765625 0.0375 0.0109375
2 0.171875 0.28203125 0.0796875 0.0625
2 0.93125 0.2296875 0.103125 0.10625
2 0.87890625 0.3 0.021875 0.009375
2 0.8640625 0.0828125 0.040625 0.0296875
2 0.8734375 0.1875 0.0296875 0.025