2 0.9 0.396875 0.103125 0.0703125
2 0.765625 0.84453125 0.040625 0.0296875
2 0.78046875 0.89609375 0.14375 0.08125
2 0.8875 0.7703125 0.0328125 0.0265625
2 0.8328125 0.74296875 0.0703125 0.03125
2 0.82265625 0.8109375 0.04375 0.0234375
2 0.921875 0.8046875 0.0265625 0.015625
2 0.6140625 0.8734375 0.0765625 0.05625
2 0.6484375 0.8234375 0.0578125 0.046875
2 0.7125 0.84609375 0.065625 0.0515625
2 0.6984375 0.81328125 0.0484375 0.028125
2 0.6265625 0.71796875 0.075 0.059375
2 0.41796875 0.546875 0.034375 0.009375
2 0.19609375 0.7078125 0.0765625 0.059375
2 0.81328125 0.96328125 0.0296875 0.0296875
2 0.91796875 0.74453125 0.1 0.1015625
2 0.86796875 0.67890625 0.021875 0.0109375
2 0.85625 0.8859375 0.0390625 0.028125
2 0.86484375 0.78515625 0.028125 0.0234375