2 0.396875 0.1 0.0703125 0.103125
2 0.84453125 0.234375 0.0296875 0.040625
2 0.89609375 0.21953125 0.08125 0.14375
2 0.7703125 0.1125 0.0265625 0.0328125
2 0.74296875 0.1671875 0.03125 0.0703125
2 0.8109375 0.17734375 0.0234375 0.04375
2 0.8046875 0.078125 0.015625 0.0265625
2 0.8734375 0.3859375 0.05625 0.0765625
2 0.8234375 0.3515625 0.046875 0.0578125
2 0.84609375 0.2875 0.0515625 0.065625
2 0.81328125 0.3015625 0.028125 0.0484375
2 0.71796875 0.3734375 0.059375 0.075
2 0.546875 0.58203125 0.009375 0.034375
2 0.7078125 0.80390625 0.059375 0.0765625
2 0.96328125 0.18671875 0.0296875 0.0296875
2 0.74453125 0.08203125 0.1015625 0.1
2 0.67890625 0.13203125 0.0109375 0.021875
2 0.8859375 0.14375 0.028125 0.0390625
2 0.78515625 0.13515625 0.0234375 0.028125