2 0.08125 0.47734375 0.11875 0.0890625
2 0.3375 0.06484375 0.0453125 0.0375
2 0.334375 0.03046875 0.159375 0.0609375
2 0.19453125 0.10625 0.0375 0.03125
2 0.2421875 0.1484375 0.0765625 0.0421875
2 0.27109375 0.08203125 0.046875 0.03125
2 0.16875 0.06171875 0.03125 0.021875
2 0.496875 0.07578125 0.0859375 0.0703125
2 0.44921875 0.1171875 0.0640625 0.0546875
2 0.39140625 0.0765625 0.075 0.0625
2 0.3953125 0.1125 0.0546875 0.0359375
2 0.44296875 0.22890625 0.0859375 0.0734375
2 0.60625 0.45703125 0.0390625 0.0171875
2 0.871875 0.35546875 0.0859375 0.071875
2 0.15703125 0.12265625 0.11875 0.11875
2 0.18984375 0.203125 0.0234375 0.0140625
2 0.25546875 0.0078125 0.0421875 0.015625
2 0.221875 0.096875 0.0328125 0.028125