2 0.090625 0.18515625 0.028125 0.0515625
2 0.38671875 0.3015625 0.0875 0.1015625
2 0.9359375 0.0640625 0.128125 0.078125
2 0.73671875 0.625 0.10625 0.1734375
2 0.53125 0.71328125 0.090625 0.125
2 0.37890625 0.61640625 0.071875 0.053125
2 0.6609375 0.43203125 0.0671875 0.0828125
2 0.66953125 0.5890625 0.0390625 0.0421875
2 0.6546875 0.63046875 0.0375 0.0453125
2 0.69140625 0.8515625 0.0859375 0.06875
2 0.77578125 0.828125 0.0390625 0.0625
2 0.86953125 0.8015625 0.028125 0.034375
2 0.88046875 0.625 0.05625 0.053125
2 0.75703125 0.9140625 0.2484375 0.171875
2 0.92734375 0.834375 0.0765625 0.0734375
2 0.7953125 0.784375 0.04375 0.028125
2 0.8421875 0.54765625 0.04375 0.015625
2 0.2296875 0.753125 0.0265625 0.0265625