2 0.1765625 0.8453125 0.0546875 0.034375
2 0.33203125 0.5671875 0.1109375 0.1
2 0.15390625 0.028125 0.1328125 0.05625
2 0.70234375 0.26640625 0.1828125 0.128125
2 0.7609375 0.48125 0.1328125 0.10625
2 0.64296875 0.61875 0.0609375 0.0765625
2 0.49921875 0.31484375 0.0890625 0.078125
2 0.65625 0.328125 0.0453125 0.04375
2 0.69609375 0.34765625 0.05 0.0421875
2 0.9203125 0.3421875 0.078125 0.0921875
2 0.90703125 0.25625 0.06875 0.046875
2 0.89453125 0.15859375 0.0375 0.0328125
2 0.721875 0.12421875 0.059375 0.0625
2 0.9453125 0.2828125 0.109375 0.259375
2 0.934375 0.1125 0.0796875 0.071875
2 0.86796875 0.23046875 0.03125 0.046875
2 0.63984375 0.15078125 0.021875 0.0453125
2 0.75703125 0.7859375 0.0296875 0.0296875