2 0.11484375 0.87578125 0.0359375 0.0546875
2 0.3921875 0.7140625 0.1015625 0.1125
2 0.95625 0.86015625 0.0875 0.1078125
2 0.68984375 0.33515625 0.1328125 0.1859375
2 0.471875 0.2796875 0.109375 0.1359375
2 0.334375 0.40078125 0.078125 0.0640625
2 0.64453125 0.540625 0.0796875 0.090625
2 0.628125 0.38203125 0.0453125 0.046875
2 0.6078125 0.34296875 0.0453125 0.05
2 0.609375 0.11640625 0.09375 0.0796875
2 0.696875 0.12734375 0.046875 0.06875
2 0.79609375 0.13828125 0.034375 0.0390625
2 0.834375 0.3125 0.0625 0.0609375
2 0.665625 0.0734375 0.271875 0.146875
2 0.8484375 0.0953125 0.0859375 0.0828125
2 0.7234375 0.1671875 0.0484375 0.034375
2 0.8078125 0.39609375 0.0453125 0.021875
2 0.16328125 0.28828125 0.0296875 0.0296875