2 0.78125 0.89453125 0.05 0.028125
2 0.67265625 0.6015625 0.1 0.084375
2 0.93046875 0.06328125 0.1015625 0.1265625
2 0.36015625 0.25234375 0.1703125 0.1015625
2 0.26953125 0.4515625 0.121875 0.0875
2 0.36328125 0.603125 0.05 0.0703125
2 0.54921875 0.3296875 0.0796875 0.0671875
2 0.39453125 0.31953125 0.0390625 0.0359375
2 0.353125 0.33203125 0.0453125 0.0359375
2 0.1359375 0.2921875 0.065625 0.0828125
2 0.16171875 0.21015625 0.0625 0.0375
2 0.1890625 0.1171875 0.034375 0.0265625
2 0.3625 0.11015625 0.053125 0.0546875
2 0.0796875 0.22578125 0.159375 0.2390625
2 0.1578125 0.06015625 0.06875 0.0734375
2 0.2046875 0.19140625 0.0265625 0.0421875
2 0.43828125 0.14921875 0.0140625 0.04375
2 0.2265625 0.7484375 0.0265625 0.0265625