2 0.12890625 0.9 0.0359375 0.0546875
2 0.409375 0.7296875 0.10625 0.1171875
2 0.96953125 0.859375 0.0609375 0.0875
2 0.7046875 0.3390625 0.1375 0.190625
2 0.48203125 0.2859375 0.1109375 0.1390625
2 0.34453125 0.4125 0.0796875 0.065625
2 0.6625 0.5484375 0.0828125 0.0953125
2 0.64375 0.3875 0.046875 0.0484375
2 0.621875 0.3484375 0.046875 0.0515625
2 0.61875 0.11796875 0.096875 0.0828125
2 0.70859375 0.12734375 0.05 0.06875
2 0.80859375 0.1375 0.0359375 0.040625
2 0.8515625 0.31328125 0.0640625 0.0625
2 0.67421875 0.07421875 0.2796875 0.1484375
2 0.86171875 0.09296875 0.0875 0.0859375
2 0.7359375 0.1671875 0.0484375 0.034375
2 0.82578125 0.39921875 0.0453125 0.0234375
2 0.16875 0.30078125 0.0296875 0.0296875