2 0.13203125 0.871875 0.053125 0.0328125
2 0.275 0.58125 0.109375 0.0953125
2 0.09453125 0.03515625 0.0640625 0.0703125
2 0.634375 0.25703125 0.1828125 0.121875
2 0.70546875 0.471875 0.1328125 0.103125
2 0.59375 0.61796875 0.059375 0.075
2 0.43125 0.315625 0.0890625 0.075
2 0.59140625 0.321875 0.0453125 0.04375
2 0.63203125 0.3390625 0.0484375 0.0421875
2 0.859375 0.321875 0.075 0.090625
2 0.84296875 0.234375 0.0671875 0.04375
2 0.82421875 0.13671875 0.0390625 0.0328125
2 0.646875 0.11015625 0.0578125 0.0609375
2 0.915625 0.2625 0.16875 0.26875
2 0.86171875 0.08515625 0.078125 0.0765625
2 0.8015625 0.21171875 0.03125 0.046875
2 0.56484375 0.1421875 0.01875 0.0453125
2 0.71796875 0.78125 0.028125 0.028125