2 0.88515625 0.12421875 0.0359375 0.0546875
2 0.6078125 0.2859375 0.1015625 0.1125
2 0.04375 0.13984375 0.0875 0.1078125
2 0.31015625 0.66484375 0.1328125 0.1859375
2 0.528125 0.7203125 0.109375 0.1359375
2 0.665625 0.59921875 0.078125 0.0640625
2 0.35546875 0.459375 0.0796875 0.090625
2 0.371875 0.61796875 0.0453125 0.046875
2 0.3921875 0.65703125 0.0453125 0.05
2 0.390625 0.88359375 0.09375 0.0796875
2 0.303125 0.87265625 0.046875 0.06875
2 0.20390625 0.86171875 0.034375 0.0390625
2 0.165625 0.6875 0.0625 0.0609375
2 0.334375 0.9265625 0.271875 0.146875
2 0.1515625 0.9046875 0.0859375 0.0828125
2 0.2765625 0.8328125 0.0484375 0.034375
2 0.1921875 0.60390625 0.0453125 0.021875
2 0.83671875 0.71171875 0.0296875 0.0296875