2 0.8453125 0.8234375 0.034375 0.0546875
2 0.5671875 0.66796875 0.1 0.1109375
2 0.028125 0.84609375 0.05625 0.1328125
2 0.26640625 0.29765625 0.128125 0.1828125
2 0.48125 0.2390625 0.10625 0.1328125
2 0.61875 0.35703125 0.0765625 0.0609375
2 0.31484375 0.50078125 0.078125 0.0890625
2 0.328125 0.34375 0.04375 0.0453125
2 0.34765625 0.30390625 0.0421875 0.05
2 0.3421875 0.0796875 0.0921875 0.078125
2 0.25625 0.09296875 0.046875 0.06875
2 0.15859375 0.10546875 0.0328125 0.0375
2 0.12421875 0.278125 0.0625 0.059375
2 0.2828125 0.0546875 0.259375 0.109375
2 0.1125 0.065625 0.071875 0.0796875
2 0.23046875 0.13203125 0.046875 0.03125
2 0.15078125 0.36015625 0.0453125 0.021875
2 0.7859375 0.24296875 0.0296875 0.0296875