2 0.89609375 0.76484375 0.0265625 0.0515625
2 0.59765625 0.659375 0.084375 0.1
2 0.0609375 0.9328125 0.121875 0.10625
2 0.2390625 0.35 0.1015625 0.16875
2 0.43984375 0.25546875 0.0859375 0.121875
2 0.59453125 0.346875 0.0703125 0.05
2 0.32109375 0.53984375 0.065625 0.0796875
2 0.3078125 0.38359375 0.0375 0.0390625
2 0.3203125 0.3421875 0.0359375 0.0453125
2 0.2765625 0.12421875 0.0828125 0.065625
2 0.19296875 0.15078125 0.0359375 0.0640625
2 0.10078125 0.18046875 0.028125 0.034375
2 0.09609375 0.35546875 0.0546875 0.0515625
2 0.20546875 0.07265625 0.2390625 0.1453125
2 0.04453125 0.14921875 0.0671875 0.06875
2 0.17578125 0.19375 0.04375 0.0265625
2 0.1375 0.43125 0.04375 0.0140625
2 0.73828125 0.20625 0.0265625 0.0265625