2 0.8765625 0.19765625 0.0296875 0.05
2 0.6015625 0.32265625 0.0875 0.1
2 0.06484375 0.10546875 0.1296875 0.1265625
2 0.2875 0.646875 0.109375 0.16875
2 0.48515625 0.71953125 0.090625 0.121875
2 0.625 0.6203125 0.0703125 0.0546875
2 0.34921875 0.459375 0.06875 0.08125
2 0.34921875 0.609375 0.0390625 0.0421875
2 0.36484375 0.64765625 0.0390625 0.04375
2 0.340625 0.85859375 0.0828125 0.06875
2 0.26015625 0.83984375 0.0390625 0.0609375
2 0.16953125 0.8203125 0.028125 0.034375
2 0.15078125 0.65390625 0.0546875 0.053125
2 0.28046875 0.91640625 0.2453125 0.1671875
2 0.1171875 0.85390625 0.0765625 0.071875
2 0.23984375 0.8 0.04375 0.028125
2 0.1828125 0.578125 0.0421875 0.0171875
2 0.7734375 0.7421875 0.028125 0.0265625