2 0.21875 0.10546875 0.05 0.028125
2 0.32734375 0.3984375 0.1 0.084375
2 0.06953125 0.93671875 0.1015625 0.1265625
2 0.63984375 0.74765625 0.1703125 0.1015625
2 0.73046875 0.5484375 0.121875 0.0875
2 0.63671875 0.396875 0.05 0.0703125
2 0.45078125 0.6703125 0.0796875 0.0671875
2 0.60546875 0.68046875 0.0390625 0.0359375
2 0.646875 0.66796875 0.0453125 0.0359375
2 0.8640625 0.7078125 0.065625 0.0828125
2 0.83828125 0.78984375 0.0625 0.0375
2 0.8109375 0.8828125 0.034375 0.0265625
2 0.6375 0.88984375 0.053125 0.0546875
2 0.9203125 0.77421875 0.159375 0.2390625
2 0.8421875 0.93984375 0.06875 0.0734375
2 0.7953125 0.80859375 0.0265625 0.0421875
2 0.56171875 0.85078125 0.0140625 0.04375
2 0.7734375 0.2515625 0.0265625 0.0265625