2 0.87109375 0.1 0.0359375 0.0546875
2 0.590625 0.2703125 0.10625 0.1171875
2 0.03046875 0.140625 0.0609375 0.0875
2 0.2953125 0.6609375 0.1375 0.190625
2 0.51796875 0.7140625 0.1109375 0.1390625
2 0.65546875 0.5875 0.0796875 0.065625
2 0.3375 0.4515625 0.0828125 0.0953125
2 0.35625 0.6125 0.046875 0.0484375
2 0.378125 0.6515625 0.046875 0.0515625
2 0.38125 0.88203125 0.096875 0.0828125
2 0.29140625 0.87265625 0.05 0.06875
2 0.19140625 0.8625 0.0359375 0.040625
2 0.1484375 0.68671875 0.0640625 0.0625
2 0.32578125 0.92578125 0.2796875 0.1484375
2 0.13828125 0.90703125 0.0875 0.0859375
2 0.2640625 0.8328125 0.0484375 0.034375
2 0.17421875 0.60078125 0.0453125 0.0234375
2 0.83125 0.69921875 0.0296875 0.0296875