2 0.9 0.87109375 0.0546875 0.0359375
2 0.7296875 0.590625 0.1171875 0.10625
2 0.859375 0.03046875 0.0875 0.0609375
2 0.3390625 0.2953125 0.190625 0.1375
2 0.2859375 0.51796875 0.1390625 0.1109375
2 0.4125 0.65546875 0.065625 0.0796875
2 0.5484375 0.3375 0.0953125 0.0828125
2 0.3875 0.35625 0.0484375 0.046875
2 0.3484375 0.378125 0.0515625 0.046875
2 0.11796875 0.38125 0.0828125 0.096875
2 0.12734375 0.29140625 0.06875 0.05
2 0.1375 0.19140625 0.040625 0.0359375
2 0.31328125 0.1484375 0.0625 0.0640625
2 0.07421875 0.32578125 0.1484375 0.2796875
2 0.09296875 0.13828125 0.0859375 0.0875
2 0.1671875 0.2640625 0.034375 0.0484375
2 0.39921875 0.17421875 0.0234375 0.0453125
2 0.30078125 0.83125 0.0296875 0.0296875