2 0.18515625 0.909375 0.0515625 0.028125
2 0.3015625 0.61328125 0.1015625 0.0875
2 0.0640625 0.0640625 0.078125 0.128125
2 0.625 0.26328125 0.1734375 0.10625
2 0.71328125 0.46875 0.125 0.090625
2 0.61640625 0.62109375 0.053125 0.071875
2 0.43203125 0.3390625 0.0828125 0.0671875
2 0.5890625 0.33046875 0.0421875 0.0390625
2 0.63046875 0.3453125 0.0453125 0.0375
2 0.8515625 0.30859375 0.06875 0.0859375
2 0.828125 0.22421875 0.0625 0.0390625
2 0.8015625 0.13046875 0.034375 0.028125
2 0.625 0.11953125 0.053125 0.05625
2 0.9140625 0.24296875 0.171875 0.2484375
2 0.834375 0.07265625 0.0734375 0.0765625
2 0.784375 0.2046875 0.028125 0.04375
2 0.54765625 0.1578125 0.015625 0.04375
2 0.753125 0.7703125 0.0265625 0.0265625