2 0.93203125 0.1734375 0.0328125 0.0546875
2 0.63515625 0.32109375 0.0984375 0.1125
2 0.05546875 0.115625 0.1109375 0.115625
2 0.30234375 0.6890625 0.1265625 0.1890625
2 0.52265625 0.76171875 0.1046875 0.1375
2 0.671875 0.646875 0.078125 0.0609375
2 0.36328125 0.48046875 0.078125 0.090625
2 0.36875 0.6453125 0.04375 0.0453125
2 0.3875 0.6875 0.04375 0.05
2 0.36953125 0.91953125 0.09375 0.078125
2 0.2796875 0.9015625 0.0453125 0.06875
2 0.1796875 0.88359375 0.0328125 0.0390625
2 0.15234375 0.70234375 0.0625 0.059375
2 0.30234375 0.9453125 0.2640625 0.109375
2 0.12265625 0.92265625 0.084375 0.08125
2 0.25546875 0.859375 0.046875 0.03125
2 0.1859375 0.61796875 0.046875 0.01875
2 0.8390625 0.77421875 0.0296875 0.028125