2 0.1546875 0.1765625 0.034375 0.0546875
2 0.4328125 0.33203125 0.1 0.1109375
2 0.971875 0.15390625 0.05625 0.1328125
2 0.73359375 0.70234375 0.128125 0.1828125
2 0.51875 0.7609375 0.10625 0.1328125
2 0.38125 0.64296875 0.0765625 0.0609375
2 0.68515625 0.49921875 0.078125 0.0890625
2 0.671875 0.65625 0.04375 0.0453125
2 0.65234375 0.69609375 0.0421875 0.05
2 0.6578125 0.9203125 0.0921875 0.078125
2 0.74375 0.90703125 0.046875 0.06875
2 0.84140625 0.89453125 0.0328125 0.0375
2 0.87578125 0.721875 0.0625 0.059375
2 0.7171875 0.9453125 0.259375 0.109375
2 0.8875 0.934375 0.071875 0.0796875
2 0.76953125 0.86796875 0.046875 0.03125
2 0.84921875 0.63984375 0.0453125 0.021875
2 0.2140625 0.75703125 0.0296875 0.0296875