2 0.909375 0.81484375 0.028125 0.0515625
2 0.61328125 0.6984375 0.0875 0.1015625
2 0.0640625 0.9359375 0.128125 0.078125
2 0.26328125 0.375 0.10625 0.1734375
2 0.46875 0.28671875 0.090625 0.125
2 0.62109375 0.38359375 0.071875 0.053125
2 0.3390625 0.56796875 0.0671875 0.0828125
2 0.33046875 0.4109375 0.0390625 0.0421875
2 0.3453125 0.36953125 0.0375 0.0453125
2 0.30859375 0.1484375 0.0859375 0.06875
2 0.22421875 0.171875 0.0390625 0.0625
2 0.13046875 0.1984375 0.028125 0.034375
2 0.11953125 0.375 0.05625 0.053125
2 0.24296875 0.0859375 0.2484375 0.171875
2 0.07265625 0.165625 0.0765625 0.0734375
2 0.2046875 0.215625 0.04375 0.028125
2 0.1578125 0.45234375 0.04375 0.015625
2 0.7703125 0.246875 0.0265625 0.0265625