2 0.70859375 0.14609375 0.03125 0.053125
2 0.40390625 0.27890625 0.10625 0.1078125
2 0.14453125 0.475 0.084375 0.096875
2 0.15703125 0.53828125 0.05 0.065625
2 0.178125 0.6859375 0.05 0.0546875
2 0.159375 0.6390625 0.0453125 0.053125
2 0.10234375 0.6921875 0.1390625 0.19375
2 0.0875 0.903125 0.028125 0.0625
2 0.175 0.9640625 0.165625 0.071875
2 0.1703125 0.9171875 0.0953125 0.065625
2 0.13046875 0.88671875 0.03125 0.0375
2 0.3125 0.7515625 0.10625 0.1390625
2 0.45390625 0.62890625 0.065625 0.053125
2 0.621875 0.7453125 0.0328125 0.03125
2 0.1984375 0.5765625 0.1046875 0.16875