2 0.7421875 0.16484375 0.0296875 0.053125
2 0.4484375 0.29296875 0.1015625 0.1046875
2 0.19765625 0.48203125 0.0828125 0.0953125
2 0.209375 0.54375 0.0484375 0.0625
2 0.23046875 0.6859375 0.0484375 0.0546875
2 0.21171875 0.640625 0.04375 0.05
2 0.15703125 0.69140625 0.134375 0.1875
2 0.04140625 0.6296875 0.04375 0.025
2 0.13125 0.8984375 0.05 0.0640625
2 0.10703125 0.8609375 0.05 0.028125
2 0.20078125 0.9609375 0.2140625 0.078125
2 0.22265625 0.90859375 0.09375 0.0640625
2 0.18359375 0.88046875 0.0296875 0.0359375
2 0.359375 0.75 0.103125 0.134375
2 0.4953125 0.63046875 0.0625 0.0484375
2 0.65859375 0.74296875 0.0328125 0.03125
2 0.24921875 0.58125 0.1015625 0.1625