2 0.83515625 0.26953125 0.0515625 0.0296875
2 0.71015625 0.5578125 0.1 0.0984375
2 0.525 0.803125 0.09375 0.08125
2 0.46484375 0.79140625 0.0625 0.046875
2 0.32578125 0.771875 0.053125 0.046875
2 0.36953125 0.7890625 0.05 0.04375
2 0.31953125 0.8421875 0.1828125 0.13125
2 0.38046875 0.95546875 0.025 0.04375
2 0.1171875 0.86796875 0.0640625 0.0484375
2 0.1546875 0.89140625 0.028125 0.0484375
2 0.04765625 0.79921875 0.0953125 0.2203125
2 0.10703125 0.778125 0.0609375 0.0921875
2 0.1359375 0.81640625 0.0359375 0.028125
2 0.26328125 0.64453125 0.1328125 0.1
2 0.3796875 0.5109375 0.0484375 0.0625
2 0.26875 0.3515625 0.0296875 0.03125
2 0.428125 0.75234375 0.1578125 0.1