2 0.8734375 0.28515625 0.053125 0.0296875
2 0.73828125 0.58125 0.1046875 0.103125
2 0.5421875 0.83125 0.0984375 0.084375
2 0.48046875 0.81796875 0.0625 0.0484375
2 0.3375 0.79453125 0.0546875 0.05
2 0.38203125 0.81328125 0.0515625 0.04375
2 0.33046875 0.86796875 0.190625 0.1390625
2 0.3921875 0.9765625 0.0203125 0.025
2 0.1203125 0.890625 0.0671875 0.05
2 0.159375 0.9109375 0.0265625 0.040625
2 0.04921875 0.80390625 0.0984375 0.2046875
2 0.11171875 0.79765625 0.065625 0.0953125
2 0.13984375 0.8375 0.0359375 0.0296875
2 0.27421875 0.66171875 0.1375 0.1046875
2 0.39765625 0.5265625 0.0515625 0.0640625
2 0.2859375 0.359375 0.03125 0.0328125
2 0.44375 0.7765625 0.165625 0.10625