2 0.85390625 0.70859375 0.053125 0.03125
2 0.72109375 0.40390625 0.1078125 0.10625
2 0.525 0.14453125 0.096875 0.084375
2 0.46171875 0.15703125 0.065625 0.05
2 0.3140625 0.178125 0.0546875 0.05
2 0.3609375 0.159375 0.053125 0.0453125
2 0.3078125 0.10234375 0.19375 0.1390625
2 0.096875 0.0875 0.0625 0.028125
2 0.0359375 0.175 0.071875 0.165625
2 0.0828125 0.1703125 0.065625 0.0953125
2 0.11328125 0.13046875 0.0375 0.03125
2 0.2484375 0.3125 0.1390625 0.10625
2 0.37109375 0.45390625 0.053125 0.065625
2 0.2546875 0.621875 0.03125 0.0328125
2 0.4234375 0.1984375 0.16875 0.1046875