2 0.16484375 0.2578125 0.053125 0.0296875
2 0.29296875 0.5515625 0.1046875 0.1015625
2 0.48203125 0.80234375 0.0953125 0.0828125
2 0.54375 0.790625 0.0625 0.0484375
2 0.6859375 0.76953125 0.0546875 0.0484375
2 0.640625 0.78828125 0.05 0.04375
2 0.69140625 0.84296875 0.1875 0.134375
2 0.6296875 0.95859375 0.025 0.04375
2 0.8984375 0.86875 0.0640625 0.05
2 0.8609375 0.89296875 0.028125 0.05
2 0.9609375 0.79921875 0.078125 0.2140625
2 0.90859375 0.77734375 0.0640625 0.09375
2 0.88046875 0.81640625 0.0359375 0.0296875
2 0.75 0.640625 0.134375 0.103125
2 0.63046875 0.5046875 0.0484375 0.0625
2 0.74296875 0.34140625 0.03125 0.0328125
2 0.58125 0.75078125 0.1625 0.1015625