2 0.15078125 0.290625 0.0265625 0.05
2 0.46640625 0.29921875 0.09375 0.096875
2 0.76484375 0.378125 0.0765625 0.090625
2 0.7765625 0.4390625 0.0421875 0.0609375
2 0.81015625 0.57578125 0.0453125 0.0515625
2 0.81015625 0.528125 0.040625 0.0484375
2 0.87890625 0.5546875 0.121875 0.1796875
2 0.9609375 0.45625 0.0421875 0.021875
2 0.978125 0.734375 0.04375 0.0625
2 0.98125 0.690625 0.0375 0.025
2 0.92578125 0.86171875 0.1484375 0.1703125
2 0.89921875 0.7765625 0.090625 0.05625
2 0.9234375 0.73671875 0.0265625 0.034375
2 0.94765625 0.93203125 0.0171875 0.009375
2 0.71484375 0.6828125 0.0921875 0.1296875
2 0.54765625 0.6234375 0.059375 0.0453125
2 0.440625 0.78671875 0.0296875 0.028125
2 0.753125 0.4875 0.090625 0.1578125