2 0.73046875 0.83515625 0.0296875 0.0515625
2 0.4421875 0.71015625 0.0984375 0.1
2 0.196875 0.525 0.08125 0.09375
2 0.20859375 0.46484375 0.046875 0.0625
2 0.228125 0.32578125 0.046875 0.053125
2 0.2109375 0.36953125 0.04375 0.05
2 0.1578125 0.31953125 0.13125 0.1828125
2 0.04453125 0.38046875 0.04375 0.025
2 0.13203125 0.1171875 0.0484375 0.0640625
2 0.10859375 0.1546875 0.0484375 0.028125
2 0.20078125 0.04765625 0.2203125 0.0953125
2 0.221875 0.10703125 0.0921875 0.0609375
2 0.18359375 0.1359375 0.028125 0.0359375
2 0.35546875 0.26328125 0.1 0.1328125
2 0.4890625 0.3796875 0.0625 0.0484375
2 0.6484375 0.26875 0.03125 0.0296875
2 0.24765625 0.428125 0.1 0.1578125