2 0.26953125 0.16484375 0.0296875 0.0515625
2 0.5578125 0.28984375 0.0984375 0.1
2 0.803125 0.475 0.08125 0.09375
2 0.79140625 0.53515625 0.046875 0.0625
2 0.771875 0.67421875 0.046875 0.053125
2 0.7890625 0.63046875 0.04375 0.05
2 0.8421875 0.68046875 0.13125 0.1828125
2 0.95546875 0.61953125 0.04375 0.025
2 0.86796875 0.8828125 0.0484375 0.0640625
2 0.89140625 0.8453125 0.0484375 0.028125
2 0.79921875 0.95234375 0.2203125 0.0953125
2 0.778125 0.89296875 0.0921875 0.0609375
2 0.81640625 0.8640625 0.028125 0.0359375
2 0.64453125 0.73671875 0.1 0.1328125
2 0.5109375 0.6203125 0.0625 0.0484375
2 0.3515625 0.73125 0.03125 0.0296875
2 0.75234375 0.571875 0.1 0.1578125