2 0.1890625 0.246875 0.021875 0.0484375
2 0.4921875 0.2875 0.084375 0.0875
2 0.771875 0.3953125 0.0671875 0.08125
2 0.7765625 0.4546875 0.0375 0.0546875
2 0.79609375 0.58984375 0.0390625 0.0453125
2 0.8 0.54375 0.034375 0.0453125
2 0.8640625 0.5765625 0.1015625 0.1671875
2 0.953125 0.490625 0.0375 0.0171875
2 0.9421875 0.76015625 0.0375 0.0578125
2 0.95390625 0.71875 0.0453125 0.0203125
2 0.90625 0.89609375 0.1875 0.1765625
2 0.8609375 0.79296875 0.0828125 0.0484375
2 0.8890625 0.75625 0.0234375 0.03125
2 0.89296875 0.9578125 0.0171875 0.028125
2 0.69375 0.6828125 0.0796875 0.11875
2 0.53671875 0.609375 0.0546875 0.040625
2 0.41796875 0.75625 0.0265625 0.025
2 0.75 0.49921875 0.075 0.146875