2 0.1671875 0.18203125 0.0234375 0.0515625
2 0.49140625 0.26015625 0.0921875 0.0953125
2 0.78359375 0.40859375 0.0734375 0.0890625
2 0.78203125 0.47421875 0.040625 0.0609375
2 0.78671875 0.62265625 0.04375 0.0484375
2 0.79765625 0.5734375 0.0390625 0.0484375
2 0.8625 0.615625 0.1125 0.1828125
2 0.96953125 0.53203125 0.04375 0.01875
2 0.9265625 0.8234375 0.040625 0.0625
2 0.94375 0.78046875 0.0484375 0.0234375
2 0.8765625 0.93671875 0.209375 0.1265625
2 0.834375 0.85078125 0.090625 0.0515625
2 0.86875 0.8140625 0.0265625 0.034375
2 0.66484375 0.71171875 0.0875 0.1296875
2 0.50390625 0.6140625 0.059375 0.04375
2 0.35703125 0.76015625 0.0296875 0.0265625
2 0.74765625 0.51953125 0.08125 0.159375