2 0.246875 0.8109375 0.0484375 0.021875
2 0.2875 0.5078125 0.0875 0.084375
2 0.3953125 0.228125 0.08125 0.0671875
2 0.4546875 0.2234375 0.0546875 0.0375
2 0.58984375 0.20390625 0.0453125 0.0390625
2 0.54375 0.2 0.0453125 0.034375
2 0.5765625 0.1359375 0.1671875 0.1015625
2 0.490625 0.046875 0.0171875 0.0375
2 0.76015625 0.0578125 0.0578125 0.0375
2 0.71875 0.04609375 0.0203125 0.0453125
2 0.89609375 0.09375 0.1765625 0.1875
2 0.79296875 0.1390625 0.0484375 0.0828125
2 0.75625 0.1109375 0.03125 0.0234375
2 0.9578125 0.10703125 0.028125 0.0171875
2 0.6828125 0.30625 0.11875 0.0796875
2 0.609375 0.46328125 0.040625 0.0546875
2 0.75625 0.58203125 0.025 0.0265625
2 0.49921875 0.25 0.146875 0.075