2 0.2578125 0.83515625 0.0296875 0.053125
2 0.5515625 0.70703125 0.1015625 0.1046875
2 0.80234375 0.51796875 0.0828125 0.0953125
2 0.790625 0.45625 0.0484375 0.0625
2 0.76953125 0.3140625 0.0484375 0.0546875
2 0.78828125 0.359375 0.04375 0.05
2 0.84296875 0.30859375 0.134375 0.1875
2 0.95859375 0.3703125 0.04375 0.025
2 0.86875 0.1015625 0.05 0.0640625
2 0.89296875 0.1390625 0.05 0.028125
2 0.79921875 0.0390625 0.2140625 0.078125
2 0.77734375 0.09140625 0.09375 0.0640625
2 0.81640625 0.11953125 0.0296875 0.0359375
2 0.640625 0.25 0.103125 0.134375
2 0.5046875 0.36953125 0.0625 0.0484375
2 0.34140625 0.25703125 0.0328125 0.03125
2 0.75078125 0.41875 0.1015625 0.1625