2 0.1265625 0.71484375 0.053125 0.0296875
2 0.26171875 0.41875 0.1046875 0.103125
2 0.4578125 0.16875 0.0984375 0.084375
2 0.51953125 0.18203125 0.0625 0.0484375
2 0.6625 0.20546875 0.0546875 0.05
2 0.61796875 0.18671875 0.0515625 0.04375
2 0.66953125 0.13203125 0.190625 0.1390625
2 0.6078125 0.0234375 0.0203125 0.025
2 0.8796875 0.109375 0.0671875 0.05
2 0.840625 0.0890625 0.0265625 0.040625
2 0.95078125 0.19609375 0.0984375 0.2046875
2 0.88828125 0.20234375 0.065625 0.0953125
2 0.86015625 0.1625 0.0359375 0.0296875
2 0.72578125 0.33828125 0.1375 0.1046875
2 0.60234375 0.4734375 0.0515625 0.0640625
2 0.7140625 0.640625 0.03125 0.0328125
2 0.55625 0.2234375 0.165625 0.10625