2 0.81796875 0.1671875 0.0515625 0.0234375
2 0.73984375 0.49140625 0.0953125 0.0921875
2 0.59140625 0.78359375 0.0890625 0.0734375
2 0.52578125 0.78203125 0.0609375 0.040625
2 0.37734375 0.78671875 0.0484375 0.04375
2 0.4265625 0.79765625 0.0484375 0.0390625
2 0.384375 0.8625 0.1828125 0.1125
2 0.46796875 0.96953125 0.01875 0.04375
2 0.1765625 0.9265625 0.0625 0.040625
2 0.21953125 0.94375 0.0234375 0.0484375
2 0.06328125 0.8765625 0.1265625 0.209375
2 0.14921875 0.834375 0.0515625 0.090625
2 0.1859375 0.86875 0.034375 0.0265625
2 0.28828125 0.66484375 0.1296875 0.0875
2 0.3859375 0.50390625 0.04375 0.059375
2 0.23984375 0.35703125 0.0265625 0.0296875
2 0.48046875 0.74765625 0.159375 0.08125