2 0.81015625 0.25234375 0.053125 0.0265625
2 0.69765625 0.5515625 0.1 0.096875
2 0.5234375 0.81015625 0.0921875 0.078125
2 0.46171875 0.8015625 0.0609375 0.04375
2 0.31953125 0.7890625 0.0515625 0.046875
2 0.365625 0.80390625 0.0484375 0.0421875
2 0.3171875 0.8609375 0.1828125 0.125
2 0.38515625 0.96953125 0.021875 0.0359375
2 0.11328125 0.89765625 0.0625 0.0453125
2 0.15234375 0.91953125 0.0265625 0.05
2 0.04140625 0.82890625 0.0828125 0.1984375
2 0.0984375 0.80703125 0.0578125 0.090625
2 0.12890625 0.84375 0.034375 0.0265625
2 0.24921875 0.6625 0.1296875 0.0953125
2 0.3609375 0.52109375 0.046875 0.0625
2 0.23984375 0.365625 0.0296875 0.0328125
2 0.42265625 0.76328125 0.159375 0.0953125