2 0.71484375 0.8734375 0.0296875 0.053125
2 0.41875 0.73828125 0.103125 0.1046875
2 0.16875 0.5421875 0.084375 0.0984375
2 0.18203125 0.48046875 0.0484375 0.0625
2 0.20546875 0.3375 0.05 0.0546875
2 0.18671875 0.38203125 0.04375 0.0515625
2 0.13203125 0.33046875 0.1390625 0.190625
2 0.0234375 0.3921875 0.025 0.0203125
2 0.109375 0.1203125 0.05 0.0671875
2 0.0890625 0.159375 0.040625 0.0265625
2 0.19609375 0.04921875 0.2046875 0.0984375
2 0.20234375 0.11171875 0.0953125 0.065625
2 0.1625 0.13984375 0.0296875 0.0359375
2 0.33828125 0.27421875 0.1046875 0.1375
2 0.4734375 0.39765625 0.0640625 0.0515625
2 0.640625 0.2859375 0.0328125 0.03125
2 0.2234375 0.44375 0.10625 0.165625