2 0.18984375 0.74765625 0.053125 0.0265625
2 0.30234375 0.4484375 0.1 0.096875
2 0.4765625 0.18984375 0.0921875 0.078125
2 0.53828125 0.1984375 0.0609375 0.04375
2 0.68046875 0.2109375 0.0515625 0.046875
2 0.634375 0.19609375 0.0484375 0.0421875
2 0.6828125 0.1390625 0.1828125 0.125
2 0.61484375 0.03046875 0.021875 0.0359375
2 0.88671875 0.10234375 0.0625 0.0453125
2 0.84765625 0.08046875 0.0265625 0.05
2 0.95859375 0.17109375 0.0828125 0.1984375
2 0.9015625 0.19296875 0.0578125 0.090625
2 0.87109375 0.15625 0.034375 0.0265625
2 0.75078125 0.3375 0.1296875 0.0953125
2 0.6390625 0.47890625 0.046875 0.0625
2 0.76015625 0.634375 0.0296875 0.0328125
2 0.57734375 0.23671875 0.159375 0.0953125