2 0.290625 0.84921875 0.05 0.0265625
2 0.29921875 0.53359375 0.096875 0.09375
2 0.378125 0.23515625 0.090625 0.0765625
2 0.4390625 0.2234375 0.0609375 0.0421875
2 0.57578125 0.18984375 0.0515625 0.0453125
2 0.528125 0.18984375 0.0484375 0.040625
2 0.5546875 0.12109375 0.1796875 0.121875
2 0.45625 0.0390625 0.021875 0.0421875
2 0.734375 0.021875 0.0625 0.04375
2 0.690625 0.01875 0.025 0.0375
2 0.86171875 0.07421875 0.1703125 0.1484375
2 0.7765625 0.10078125 0.05625 0.090625
2 0.73671875 0.0765625 0.034375 0.0265625
2 0.93203125 0.05234375 0.009375 0.0171875
2 0.6828125 0.28515625 0.1296875 0.0921875
2 0.6234375 0.45234375 0.0453125 0.059375
2 0.78671875 0.559375 0.028125 0.0296875
2 0.4875 0.246875 0.1578125 0.090625