2 0.98828125 0.2328125 0.0234375 0.03125
2 0.2453125 0.45 0.11875 0.0796875
2 0.290625 0.92734375 0.0515625 0.0796875
2 0.39921875 0.71953125 0.1375 0.090625
2 0.49140625 0.9125 0.0296875 0.025
2 0.19765625 0.90546875 0.1390625 0.1015625
2 0.225 0.8078125 0.1140625 0.06875
2 0.19296875 0.67890625 0.1125 0.1015625
2 0.24296875 0.65078125 0.04375 0.03125
2 0.1359375 0.58359375 0.0421875 0.04375
2 0.1625 0.60078125 0.05 0.0296875
2 0.22734375 0.63046875 0.0328125 0.0234375
2 0.09453125 0.81328125 0.0625 0.034375
2 0.0953125 0.78828125 0.040625 0.0234375
2 0.16328125 0.734375 0.025 0.0234375
2 0.09921875 0.70625 0.0609375 0.046875
2 0.0375 0.81640625 0.025 0.0296875
2 0.259375 0.71484375 0.0234375 0.01875
2 0.85234375 0.5890625 0.0515625 0.0203125