2 0.89921875 0.09765625 0.04375 0.034375
2 0.2296875 0.51875 0.125 0.0890625
2 0.40703125 0.96484375 0.0578125 0.0703125
2 0.4546875 0.7375 0.1421875 0.1
2 0.59765625 0.89921875 0.03125 0.0265625
2 0.31015625 0.959375 0.1453125 0.08125
2 0.31015625 0.871875 0.11875 0.078125
2 0.24296875 0.75625 0.1171875 0.1078125
2 0.28359375 0.7140625 0.0453125 0.0328125
2 0.16171875 0.6796875 0.04375 0.046875
2 0.19140625 0.68828125 0.05 0.0328125
2 0.2625 0.7 0.034375 0.025
2 0.18515625 0.9140625 0.0640625 0.0375
2 0.178125 0.8890625 0.04375 0.025
2 0.2296875 0.81796875 0.0265625 0.025
2 0.159375 0.80859375 0.0625 0.0515625
2 0.13046875 0.93359375 0.0265625 0.03125
2 0.3171875 0.77265625 0.025 0.0203125
2 0.85859375 0.48515625 0.0515625 0.0234375