2 0.9546875 0.83359375 0.0390625 0.0296875
2 0.23984375 0.5125 0.1140625 0.071875
2 0.3515625 0.04609375 0.046875 0.0765625
2 0.43046875 0.26796875 0.1328125 0.0828125
2 0.5484375 0.0890625 0.028125 0.0234375
2 0.25703125 0.0546875 0.134375 0.09375
2 0.2703125 0.15546875 0.1109375 0.0609375
2 0.2203125 0.278125 0.10625 0.09375
2 0.26640625 0.3140625 0.0421875 0.028125
2 0.1515625 0.36484375 0.0390625 0.0421875
2 0.1796875 0.35234375 0.0484375 0.0265625
2 0.246875 0.33125 0.03125 0.021875
2 0.1421875 0.13203125 0.0609375 0.0296875
2 0.13828125 0.1578125 0.0390625 0.0203125
2 0.19921875 0.21953125 0.0234375 0.0234375
2 0.13125 0.23828125 0.0578125 0.0421875
2 0.08671875 0.1203125 0.0234375 0.028125
2 0.290625 0.2515625 0.021875 0.0171875
2 0.8609375 0.459375 0.05 0.0171875