2 0.0453125 0.16640625 0.0390625 0.0296875
2 0.76015625 0.4875 0.1140625 0.071875
2 0.6484375 0.95390625 0.046875 0.0765625
2 0.56953125 0.73203125 0.1328125 0.0828125
2 0.4515625 0.9109375 0.028125 0.0234375
2 0.74296875 0.9453125 0.134375 0.09375
2 0.7296875 0.84453125 0.1109375 0.0609375
2 0.7796875 0.721875 0.10625 0.09375
2 0.73359375 0.6859375 0.0421875 0.028125
2 0.8484375 0.63515625 0.0390625 0.0421875
2 0.8203125 0.64765625 0.0484375 0.0265625
2 0.753125 0.66875 0.03125 0.021875
2 0.8578125 0.86796875 0.0609375 0.0296875
2 0.86171875 0.8421875 0.0390625 0.0203125
2 0.80078125 0.78046875 0.0234375 0.0234375
2 0.86875 0.76171875 0.0578125 0.0421875
2 0.91328125 0.8796875 0.0234375 0.028125
2 0.709375 0.7484375 0.021875 0.0171875
2 0.1390625 0.540625 0.05 0.0171875