2 0.57421875 0.76484375 0.096875 0.134375
2 0.06953125 0.7578125 0.0640625 0.0578125
2 0.2703125 0.6234375 0.109375 0.1546875
2 0.05390625 0.54296875 0.03125 0.0359375
2 0.09921875 0.85703125 0.1015625 0.1546875
2 0.19140625 0.81953125 0.084375 0.128125
2 0.3328125 0.84296875 0.115625 0.1265625
2 0.35859375 0.78515625 0.0359375 0.0484375
2 0.440625 0.89375 0.05 0.0484375
2 0.4203125 0.8671875 0.0359375 0.0546875
2 0.38125 0.8015625 0.028125 0.0375
2 0.196875 0.96015625 0.0421875 0.0671875
2 0.225 0.9578125 0.028125 0.0453125
2 0.27578125 0.87890625 0.0265625 0.028125
2 0.31328125 0.94609375 0.0546875 0.0671875
2 0.2875 0.77421875 0.0234375 0.028125
2 0.36796875 0.12421875 0.028125 0.05625