2 0.01796875 0.834375 0.025 0.0296875
2 0.76015625 0.5140625 0.1203125 0.0734375
2 0.65390625 0.03203125 0.0484375 0.0640625
2 0.5671875 0.25390625 0.1359375 0.0828125
2 0.446875 0.06640625 0.0296875 0.0234375
2 0.75390625 0.0421875 0.1390625 0.084375
2 0.7359375 0.140625 0.115625 0.0625
2 0.7859375 0.2703125 0.1078125 0.0953125
2 0.7375 0.30625 0.040625 0.028125
2 0.85625 0.3609375 0.040625 0.040625
2 0.82734375 0.34765625 0.0484375 0.0265625
2 0.75625 0.32421875 0.0328125 0.021875
2 0.8703125 0.11875 0.0609375 0.03125
2 0.8734375 0.1453125 0.040625 0.0203125
2 0.809375 0.209375 0.025 0.021875
2 0.8796875 0.2296875 0.059375 0.0453125
2 0.928125 0.10703125 0.021875 0.028125
2 0.7125 0.240625 0.0234375 0.01875
2 0.11484375 0.44765625 0.053125 0.01875