2 0.74453125 0.578125 0.13125 0.0953125
2 0.75 0.08046875 0.0609375 0.0828125
2 0.6140625 0.28203125 0.1484375 0.1078125
2 0.53984375 0.07265625 0.034375 0.0296875
2 0.84375 0.1109375 0.1546875 0.1203125
2 0.8046875 0.209375 0.125 0.0828125
2 0.82421875 0.34609375 0.1234375 0.1140625
2 0.76875 0.37109375 0.0453125 0.0359375
2 0.871875 0.4515625 0.0484375 0.0484375
2 0.846875 0.43046875 0.053125 0.034375
2 0.78359375 0.3921875 0.0359375 0.028125
2 0.93984375 0.21796875 0.065625 0.0421875
2 0.9375 0.24375 0.04375 0.028125
2 0.86015625 0.2921875 0.0296875 0.0265625
2 0.92421875 0.32890625 0.0671875 0.0546875
2 0.99296875 0.21953125 0.0140625 0.0328125
2 0.759375 0.3015625 0.0265625 0.0234375
2 0.13046875 0.36796875 0.05625 0.028125