2 0.80390625 0.0140625 0.0296875 0.028125
2 0.5421875 0.759375 0.078125 0.11875
2 0.0609375 0.6875 0.0765625 0.0484375
2 0.27734375 0.5875 0.0859375 0.1359375
2 0.08671875 0.484375 0.0234375 0.0296875
2 0.07734375 0.7828125 0.096875 0.1375
2 0.17890625 0.76015625 0.065625 0.1140625
2 0.3078125 0.79921875 0.0953125 0.1078125
2 0.3390625 0.75 0.0296875 0.0421875
2 0.40078125 0.86171875 0.0421875 0.0390625
2 0.38515625 0.834375 0.028125 0.0484375
2 0.35859375 0.76796875 0.021875 0.0328125
2 0.16640625 0.89140625 0.03125 0.0609375
2 0.1921875 0.89296875 0.0203125 0.0421875
2 0.25 0.82578125 0.0234375 0.025
2 0.275 0.89375 0.0453125 0.059375
2 0.159375 0.95 0.0296875 0.0234375
2 0.27421875 0.73125 0.01875 0.0234375
2 0.43359375 0.1359375 0.0203125 0.0515625