2 0.2328125 0.01171875 0.03125 0.0234375
2 0.45 0.7546875 0.0796875 0.11875
2 0.92734375 0.709375 0.0796875 0.0515625
2 0.71953125 0.60078125 0.090625 0.1375
2 0.9125 0.50859375 0.025 0.0296875
2 0.90546875 0.80234375 0.1015625 0.1390625
2 0.8078125 0.775 0.06875 0.1140625
2 0.67890625 0.80703125 0.1015625 0.1125
2 0.65078125 0.75703125 0.03125 0.04375
2 0.58359375 0.8640625 0.04375 0.0421875
2 0.60078125 0.8375 0.0296875 0.05
2 0.63046875 0.77265625 0.0234375 0.0328125
2 0.81328125 0.90546875 0.034375 0.0625
2 0.78828125 0.9046875 0.0234375 0.040625
2 0.734375 0.83671875 0.0234375 0.025
2 0.70625 0.90078125 0.046875 0.0609375
2 0.81640625 0.9625 0.0296875 0.025
2 0.71484375 0.740625 0.01875 0.0234375
2 0.5890625 0.14765625 0.0203125 0.0515625