2 0.99765625 0.19609375 0.0046875 0.0328125
2 0.2234375 0.47265625 0.125 0.08125
2 0.29921875 0.965625 0.0515625 0.05
2 0.40390625 0.753125 0.14375 0.0921875
2 0.51328125 0.95546875 0.0328125 0.0265625
2 0.1984375 0.95078125 0.14375 0.0765625
2 0.22265625 0.8578125 0.1203125 0.06875
2 0.18046875 0.721875 0.1140625 0.103125
2 0.2328125 0.6875 0.0453125 0.0296875
2 0.11484375 0.62265625 0.0421875 0.0453125
2 0.14375 0.6390625 0.0515625 0.0296875
2 0.2140625 0.66796875 0.0359375 0.0234375
2 0.0828125 0.871875 0.0640625 0.034375
2 0.08125 0.84453125 0.04375 0.021875
2 0.15234375 0.78203125 0.0265625 0.0234375
2 0.08125 0.75546875 0.0625 0.046875
2 0.021875 0.87890625 0.025 0.03125
2 0.253125 0.75703125 0.0265625 0.0203125
2 0.88203125 0.58828125 0.0546875 0.021875