2 0.9859375 0.80390625 0.028125 0.0296875
2 0.240625 0.5421875 0.11875 0.078125
2 0.3125 0.0609375 0.0484375 0.0765625
2 0.4125 0.27734375 0.1359375 0.0859375
2 0.515625 0.08671875 0.0296875 0.0234375
2 0.2171875 0.07734375 0.1375 0.096875
2 0.23984375 0.17890625 0.1140625 0.065625
2 0.20078125 0.3078125 0.1078125 0.0953125
2 0.25 0.3390625 0.0421875 0.0296875
2 0.13828125 0.40078125 0.0390625 0.0421875
2 0.165625 0.38515625 0.0484375 0.028125
2 0.23203125 0.35859375 0.0328125 0.021875
2 0.10859375 0.16640625 0.0609375 0.03125
2 0.10703125 0.1921875 0.0421875 0.0203125
2 0.17421875 0.25 0.025 0.0234375
2 0.10625 0.275 0.059375 0.0453125
2 0.05 0.159375 0.0234375 0.0296875
2 0.26875 0.27421875 0.0234375 0.01875
2 0.8640625 0.43359375 0.0515625 0.0203125