2 0.7671875 0.98828125 0.03125 0.0234375
2 0.55 0.2453125 0.0796875 0.11875
2 0.07265625 0.290625 0.0796875 0.0515625
2 0.28046875 0.39921875 0.090625 0.1375
2 0.0875 0.49140625 0.025 0.0296875
2 0.09453125 0.19765625 0.1015625 0.1390625
2 0.1921875 0.225 0.06875 0.1140625
2 0.32109375 0.19296875 0.1015625 0.1125
2 0.34921875 0.24296875 0.03125 0.04375
2 0.41640625 0.1359375 0.04375 0.0421875
2 0.39921875 0.1625 0.0296875 0.05
2 0.36953125 0.22734375 0.0234375 0.0328125
2 0.18671875 0.09453125 0.034375 0.0625
2 0.21171875 0.0953125 0.0234375 0.040625
2 0.265625 0.16328125 0.0234375 0.025
2 0.29375 0.09921875 0.046875 0.0609375
2 0.18359375 0.0375 0.0296875 0.025
2 0.28515625 0.259375 0.01875 0.0234375
2 0.4109375 0.85234375 0.0203125 0.0515625