2 0.11953125 0.96171875 0.03125 0.0265625
2 0.48046875 0.23203125 0.08125 0.1234375
2 0.9625 0.36640625 0.075 0.0515625
2 0.73046875 0.440625 0.090625 0.140625
2 0.91328125 0.5703125 0.025 0.03125
2 0.95390625 0.265625 0.0921875 0.14375
2 0.85390625 0.2765625 0.06875 0.11875
2 0.7265625 0.21953125 0.1015625 0.1125
2 0.6875 0.26640625 0.03125 0.04375
2 0.63828125 0.14375 0.0453125 0.04375
2 0.6515625 0.17421875 0.028125 0.05
2 0.6703125 0.24609375 0.025 0.0359375
2 0.8828125 0.14296875 0.034375 0.0640625
2 0.85625 0.1390625 0.0234375 0.0421875
2 0.7890625 0.2 0.0234375 0.0265625
2 0.771875 0.12734375 0.0484375 0.0625
2 0.896875 0.08515625 0.0296875 0.0234375
2 0.7515625 0.29453125 0.0203125 0.025
2 0.51328125 0.884375 0.0203125 0.0546875