2 0.578125 0.25546875 0.0953125 0.13125
2 0.08046875 0.25 0.0828125 0.0609375
2 0.28203125 0.3859375 0.1078125 0.1484375
2 0.07265625 0.46015625 0.0296875 0.034375
2 0.1109375 0.15625 0.1203125 0.1546875
2 0.209375 0.1953125 0.0828125 0.125
2 0.34609375 0.17578125 0.1140625 0.1234375
2 0.37109375 0.23125 0.0359375 0.0453125
2 0.4515625 0.128125 0.0484375 0.0484375
2 0.43046875 0.153125 0.034375 0.053125
2 0.3921875 0.21640625 0.028125 0.0359375
2 0.21796875 0.06015625 0.0421875 0.065625
2 0.24375 0.0625 0.028125 0.04375
2 0.2921875 0.13984375 0.0265625 0.0296875
2 0.32890625 0.07578125 0.0546875 0.0671875
2 0.21953125 0.00703125 0.0328125 0.0140625
2 0.3015625 0.240625 0.0234375 0.0265625
2 0.36796875 0.86953125 0.028125 0.05625