2 0.19609375 0.00234375 0.0328125 0.0046875
2 0.47265625 0.7765625 0.08125 0.125
2 0.965625 0.70078125 0.05 0.0515625
2 0.753125 0.59609375 0.0921875 0.14375
2 0.95546875 0.48671875 0.0265625 0.0328125
2 0.95078125 0.8015625 0.0765625 0.14375
2 0.8578125 0.77734375 0.06875 0.1203125
2 0.721875 0.81953125 0.103125 0.1140625
2 0.6875 0.7671875 0.0296875 0.0453125
2 0.62265625 0.88515625 0.0453125 0.0421875
2 0.6390625 0.85625 0.0296875 0.0515625
2 0.66796875 0.7859375 0.0234375 0.0359375
2 0.871875 0.9171875 0.034375 0.0640625
2 0.84453125 0.91875 0.021875 0.04375
2 0.78203125 0.84765625 0.0234375 0.0265625
2 0.75546875 0.91875 0.046875 0.0625
2 0.87890625 0.978125 0.03125 0.025
2 0.75703125 0.746875 0.0203125 0.0265625
2 0.58828125 0.11796875 0.021875 0.0546875