2 0.88046875 0.03828125 0.03125 0.0265625
2 0.51953125 0.76796875 0.08125 0.1234375
2 0.0375 0.63359375 0.075 0.0515625
2 0.26953125 0.559375 0.090625 0.140625
2 0.08671875 0.4296875 0.025 0.03125
2 0.04609375 0.734375 0.0921875 0.14375
2 0.14609375 0.7234375 0.06875 0.11875
2 0.2734375 0.78046875 0.1015625 0.1125
2 0.3125 0.73359375 0.03125 0.04375
2 0.36171875 0.85625 0.0453125 0.04375
2 0.3484375 0.82578125 0.028125 0.05
2 0.3296875 0.75390625 0.025 0.0359375
2 0.1171875 0.85703125 0.034375 0.0640625
2 0.14375 0.8609375 0.0234375 0.0421875
2 0.2109375 0.8 0.0234375 0.0265625
2 0.228125 0.87265625 0.0484375 0.0625
2 0.103125 0.91484375 0.0296875 0.0234375
2 0.2484375 0.70546875 0.0203125 0.025
2 0.48671875 0.115625 0.0203125 0.0546875