2 0.42578125 0.23515625 0.096875 0.134375
2 0.93046875 0.2421875 0.0640625 0.0578125
2 0.7296875 0.3765625 0.109375 0.1546875
2 0.94609375 0.45703125 0.03125 0.0359375
2 0.90078125 0.14296875 0.1015625 0.1546875
2 0.80859375 0.18046875 0.084375 0.128125
2 0.6671875 0.15703125 0.115625 0.1265625
2 0.64140625 0.21484375 0.0359375 0.0484375
2 0.559375 0.10625 0.05 0.0484375
2 0.5796875 0.1328125 0.0359375 0.0546875
2 0.61875 0.1984375 0.028125 0.0375
2 0.803125 0.03984375 0.0421875 0.0671875
2 0.775 0.0421875 0.028125 0.0453125
2 0.72421875 0.12109375 0.0265625 0.028125
2 0.68671875 0.05390625 0.0546875 0.0671875
2 0.7125 0.22578125 0.0234375 0.028125
2 0.63203125 0.87578125 0.028125 0.05625