2 0.834375 0.98203125 0.0296875 0.025
2 0.5140625 0.23984375 0.0734375 0.1203125
2 0.03203125 0.34609375 0.0640625 0.0484375
2 0.25390625 0.4328125 0.0828125 0.1359375
2 0.06640625 0.553125 0.0234375 0.0296875
2 0.0421875 0.24609375 0.084375 0.1390625
2 0.140625 0.2640625 0.0625 0.115625
2 0.2703125 0.2140625 0.0953125 0.1078125
2 0.30625 0.2625 0.028125 0.040625
2 0.3609375 0.14375 0.040625 0.040625
2 0.34765625 0.17265625 0.0265625 0.0484375
2 0.32421875 0.24375 0.021875 0.0328125
2 0.11875 0.1296875 0.03125 0.0609375
2 0.1453125 0.1265625 0.0203125 0.040625
2 0.209375 0.190625 0.021875 0.025
2 0.2296875 0.1203125 0.0453125 0.059375
2 0.10703125 0.071875 0.028125 0.021875
2 0.240625 0.2875 0.01875 0.0234375
2 0.44765625 0.88515625 0.01875 0.053125