2 0.90234375 0.89921875 0.034375 0.04375
2 0.48125 0.2296875 0.0890625 0.125
2 0.03515625 0.40703125 0.0703125 0.0578125
2 0.2625 0.4546875 0.1 0.1421875
2 0.10078125 0.59765625 0.0265625 0.03125
2 0.040625 0.31015625 0.08125 0.1453125
2 0.128125 0.31015625 0.078125 0.11875
2 0.24375 0.24296875 0.1078125 0.1171875
2 0.2859375 0.28359375 0.0328125 0.0453125
2 0.3203125 0.16171875 0.046875 0.04375
2 0.31171875 0.19140625 0.0328125 0.05
2 0.3 0.2625 0.025 0.034375
2 0.0859375 0.18515625 0.0375 0.0640625
2 0.1109375 0.178125 0.025 0.04375
2 0.18203125 0.2296875 0.025 0.0265625
2 0.19140625 0.159375 0.0515625 0.0625
2 0.06640625 0.13046875 0.03125 0.0265625
2 0.22734375 0.3171875 0.0203125 0.025
2 0.51484375 0.85859375 0.0234375 0.0515625