2 0.759375 0.89375 0.0453125 0.0328125
2 0.8640625 0.45859375 0.15 0.1125
2 0.6890625 0.478125 0.0484375 0.028125
2 0.303125 0.37265625 0.08125 0.0703125
2 0.0484375 0.22265625 0.046875 0.0421875
2 0.03203125 0.24296875 0.01875 0.0296875
2 0.24140625 0.203125 0.1578125 0.09375
2 0.08046875 0.04921875 0.0796875 0.08125
2 0.12265625 0.0078125 0.0234375 0.015625
2 0.384375 0.015625 0.0375 0.03125
2 0.07578125 0.26171875 0.1140625 0.1140625
2 0.04453125 0.16953125 0.03125 0.0671875
2 0.078125 0.1625 0.0265625 0.01875