2 0.190625 0.28125 0.03125 0.040625
2 0.59609375 0.19765625 0.1 0.1359375
2 0.5734375 0.359375 0.025 0.0453125
2 0.6578125 0.71953125 0.0609375 0.071875
2 0.78828125 0.96015625 0.0375 0.0421875
2 0.76796875 0.975 0.0296875 0.0171875
2 0.8125 0.78125 0.08125 0.14375
2 0.94921875 0.93515625 0.0734375 0.0734375
2 0.99140625 0.8984375 0.0171875 0.021875
2 0.9875 0.65703125 0.025 0.0328125
2 0.753125 0.93359375 0.103125 0.1015625
2 0.8390625 0.96484375 0.0625 0.0296875
2 0.8453125 0.934375 0.0140625 0.025