2 0.28125 0.809375 0.040625 0.03125
2 0.19765625 0.40390625 0.1359375 0.1
2 0.359375 0.4265625 0.0453125 0.025
2 0.71953125 0.3421875 0.071875 0.0609375
2 0.96015625 0.21171875 0.0421875 0.0375
2 0.975 0.23203125 0.0171875 0.0296875
2 0.78125 0.1875 0.14375 0.08125
2 0.93515625 0.05078125 0.0734375 0.0734375
2 0.8984375 0.00859375 0.021875 0.0171875
2 0.65703125 0.0125 0.0328125 0.025
2 0.93359375 0.246875 0.1015625 0.103125
2 0.96484375 0.1609375 0.0296875 0.0625
2 0.934375 0.1546875 0.025 0.0140625