2 0.240625 0.10625 0.0453125 0.0328125
2 0.1359375 0.54140625 0.15 0.1125
2 0.3109375 0.521875 0.0484375 0.028125
2 0.696875 0.62734375 0.08125 0.0703125
2 0.9515625 0.77734375 0.046875 0.0421875
2 0.96796875 0.75703125 0.01875 0.0296875
2 0.75859375 0.796875 0.1578125 0.09375
2 0.91953125 0.95078125 0.0796875 0.08125
2 0.87734375 0.9921875 0.0234375 0.015625
2 0.615625 0.984375 0.0375 0.03125
2 0.92421875 0.73828125 0.1140625 0.1140625
2 0.95546875 0.83046875 0.03125 0.0671875
2 0.921875 0.8375 0.0265625 0.01875