2 0.809375 0.71875 0.03125 0.040625
2 0.40390625 0.80234375 0.1 0.1359375
2 0.4265625 0.640625 0.025 0.0453125
2 0.3421875 0.28046875 0.0609375 0.071875
2 0.21171875 0.03984375 0.0375 0.0421875
2 0.23203125 0.025 0.0296875 0.0171875
2 0.1875 0.21875 0.08125 0.14375
2 0.05078125 0.06484375 0.0734375 0.0734375
2 0.00859375 0.1015625 0.0171875 0.021875
2 0.0125 0.34296875 0.025 0.0328125
2 0.246875 0.06640625 0.103125 0.1015625
2 0.1609375 0.03515625 0.0625 0.0296875
2 0.1546875 0.065625 0.0140625 0.025