2 0.10625 0.759375 0.0328125 0.0453125
2 0.54140625 0.8640625 0.1125 0.15
2 0.521875 0.6890625 0.028125 0.0484375
2 0.62734375 0.303125 0.0703125 0.08125
2 0.77734375 0.0484375 0.0421875 0.046875
2 0.75703125 0.03203125 0.0296875 0.01875
2 0.796875 0.24140625 0.09375 0.1578125
2 0.95078125 0.08046875 0.08125 0.0796875
2 0.9921875 0.12265625 0.015625 0.0234375
2 0.984375 0.384375 0.03125 0.0375
2 0.73828125 0.07578125 0.1140625 0.1140625
2 0.83046875 0.04453125 0.0671875 0.03125
2 0.8375 0.078125 0.01875 0.0265625