2 0.5953125 0.0734375 0.0875 0.1375
2 0.1984375 0.021875 0.075 0.04375
2 0.22265625 0.1625 0.0484375 0.0546875
2 0.0984375 0.4796875 0.1453125 0.1703125
2 0.04453125 0.77578125 0.0671875 0.1
2 0.090625 0.25703125 0.084375 0.103125
2 0.04453125 0.33828125 0.0484375 0.0453125
2 0.04375 0.265625 0.0578125 0.0953125
2 0.2109375 0.22890625 0.021875 0.0390625
2 0.14609375 0.31484375 0.01875 0.021875
2 0.46640625 0.3109375 0.0140625 0.0484375
2 0.15078125 0.0234375 0.0390625 0.046875
2 0.1875 0.08203125 0.0234375 0.0203125
2 0.29375 0.13984375 0.0203125 0.0234375