2 0.50546875 0.9421875 0.0921875 0.115625
2 0.09453125 0.92890625 0.078125 0.0578125
2 0.15234375 0.7875 0.05 0.0578125
2 0.09609375 0.4453125 0.153125 0.1796875
2 0.1046875 0.1390625 0.0703125 0.103125
2 0.0421875 0.665625 0.084375 0.109375
2 0.01875 0.57421875 0.0375 0.0484375
2 0.0125 0.64765625 0.025 0.0984375
2 0.1546875 0.71953125 0.025 0.0390625
2 0.1078125 0.6203125 0.0203125 0.021875
2 0.42734375 0.6921875 0.015625 0.05
2 0.05 0.9140625 0.0421875 0.0484375
2 0.1 0.8609375 0.0234375 0.021875
2 0.21796875 0.8265625 0.021875 0.0234375