2 0.0765625 0.62890625 0.1359375 0.1015625
2 0.00703125 0.196875 0.0140625 0.084375
2 0.14375 0.21640625 0.0625 0.0546875
2 0.484375 0.07265625 0.19375 0.1453125
2 0.8046875 0.0125 0.1125 0.025
2 0.23984375 0.0703125 0.115625 0.090625
2 0.32890625 0.028125 0.0484375 0.0234375
2 0.215625 0.2 0.04375 0.0265625
2 0.30625 0.12421875 0.025 0.021875
2 0.3203125 0.47578125 0.0546875 0.0171875
2 0.00546875 0.1453125 0.0109375 0.046875
2 0.053125 0.1828125 0.0234375 0.0265625
2 0.12265625 0.29609375 0.028125 0.021875