2 0.9390625 0.578125 0.1203125 0.084375
2 0.97890625 0.1625 0.0421875 0.075
2 0.83515625 0.196875 0.0546875 0.0453125
2 0.50078125 0.0859375 0.1703125 0.1421875
2 0.190625 0.04609375 0.1015625 0.0640625
2 0.73046875 0.065625 0.103125 0.0828125
2 0.6421875 0.02578125 0.046875 0.04375
2 0.71875 0.025 0.0953125 0.0375
2 0.765625 0.1890625 0.0375 0.021875
2 0.6734375 0.12578125 0.0203125 0.01875
2 0.69453125 0.4578125 0.05 0.0109375
2 0.97734375 0.11484375 0.0453125 0.0390625
2 0.9171875 0.15625 0.01875 0.021875
2 0.86328125 0.26953125 0.021875 0.01875