2 0.578125 0.0609375 0.084375 0.1203125
2 0.1625 0.02109375 0.075 0.0421875
2 0.196875 0.16484375 0.0453125 0.0546875
2 0.0859375 0.49921875 0.1421875 0.1703125
2 0.04609375 0.809375 0.0640625 0.1015625
2 0.065625 0.26953125 0.0828125 0.103125
2 0.02578125 0.3578125 0.04375 0.046875
2 0.025 0.28125 0.0375 0.0953125
2 0.1890625 0.234375 0.021875 0.0375
2 0.12578125 0.3265625 0.01875 0.0203125
2 0.4578125 0.30546875 0.0109375 0.05
2 0.11484375 0.02265625 0.0390625 0.0453125
2 0.15625 0.0828125 0.021875 0.01875
2 0.26953125 0.13671875 0.01875 0.021875