2 0.07265625 0.6171875 0.1328125 0.09375
2 0.0140625 0.20078125 0.028125 0.0796875
2 0.153125 0.225 0.0578125 0.05
2 0.4828125 0.0890625 0.1828125 0.1546875
2 0.7921875 0.03203125 0.10625 0.0640625
2 0.24921875 0.08515625 0.109375 0.0921875
2 0.334375 0.0375 0.05 0.05
2 0.25703125 0.0421875 0.1 0.046875
2 0.221875 0.21171875 0.0390625 0.0234375
2 0.3109375 0.1421875 0.021875 0.0203125
2 0.3125 0.478125 0.05 0.0140625
2 0.0140625 0.15234375 0.028125 0.0421875
2 0.0671875 0.18984375 0.0203125 0.0234375
2 0.1296875 0.3 0.0234375 0.0203125