2 0.62890625 0.9234375 0.1015625 0.1359375
2 0.196875 0.99296875 0.084375 0.0140625
2 0.21640625 0.85625 0.0546875 0.0625
2 0.07265625 0.515625 0.1453125 0.19375
2 0.0125 0.1953125 0.025 0.1125
2 0.0703125 0.76015625 0.090625 0.115625
2 0.028125 0.67109375 0.0234375 0.0484375
2 0.2 0.784375 0.0265625 0.04375
2 0.12421875 0.69375 0.021875 0.025
2 0.47578125 0.6796875 0.0171875 0.0546875
2 0.1453125 0.99453125 0.046875 0.0109375
2 0.1828125 0.946875 0.0265625 0.0234375
2 0.29609375 0.87734375 0.021875 0.028125