2 0.9234375 0.37109375 0.1359375 0.1015625
2 0.99296875 0.803125 0.0140625 0.084375
2 0.85625 0.78359375 0.0625 0.0546875
2 0.515625 0.92734375 0.19375 0.1453125
2 0.1953125 0.9875 0.1125 0.025
2 0.76015625 0.9296875 0.115625 0.090625
2 0.67109375 0.971875 0.0484375 0.0234375
2 0.784375 0.8 0.04375 0.0265625
2 0.69375 0.87578125 0.025 0.021875
2 0.6796875 0.52421875 0.0546875 0.0171875
2 0.99453125 0.8546875 0.0109375 0.046875
2 0.946875 0.8171875 0.0234375 0.0265625
2 0.87734375 0.70390625 0.028125 0.021875