2 0.421875 0.9390625 0.084375 0.1203125
2 0.8375 0.97890625 0.075 0.0421875
2 0.803125 0.83515625 0.0453125 0.0546875
2 0.9140625 0.50078125 0.1421875 0.1703125
2 0.95390625 0.190625 0.0640625 0.1015625
2 0.934375 0.73046875 0.0828125 0.103125
2 0.97421875 0.6421875 0.04375 0.046875
2 0.975 0.71875 0.0375 0.0953125
2 0.8109375 0.765625 0.021875 0.0375
2 0.87421875 0.6734375 0.01875 0.0203125
2 0.5421875 0.69453125 0.0109375 0.05
2 0.88515625 0.97734375 0.0390625 0.0453125
2 0.84375 0.9171875 0.021875 0.01875
2 0.73046875 0.86328125 0.01875 0.021875