2 0.47734375 0.065625 0.1015625 0.13125
2 0.07421875 0.1078125 0.08125 0.0796875
2 0.14140625 0.25078125 0.053125 0.059375
2 0.10859375 0.59296875 0.159375 0.184375
2 0.13828125 0.8953125 0.0765625 0.10625
2 0.04375 0.37890625 0.0875 0.1109375
2 0.021875 0.46953125 0.04375 0.0515625
2 0.01484375 0.4 0.0296875 0.1
2 0.14765625 0.31875 0.025 0.040625
2 0.109375 0.41875 0.021875 0.0234375
2 0.41953125 0.32734375 0.01875 0.0515625
2 0.03203125 0.134375 0.0453125 0.05
2 0.084375 0.18203125 0.025 0.021875
2 0.20390625 0.2078125 0.021875 0.025