2 0.934375 0.47734375 0.13125 0.1015625
2 0.8921875 0.07421875 0.0796875 0.08125
2 0.74921875 0.14140625 0.059375 0.053125
2 0.40703125 0.10859375 0.184375 0.159375
2 0.1046875 0.13828125 0.10625 0.0765625
2 0.62109375 0.04375 0.1109375 0.0875
2 0.53046875 0.021875 0.0515625 0.04375
2 0.6 0.01484375 0.1 0.0296875
2 0.68125 0.14765625 0.040625 0.025
2 0.58125 0.109375 0.0234375 0.021875
2 0.67265625 0.41953125 0.0515625 0.01875
2 0.865625 0.03203125 0.05 0.0453125
2 0.81796875 0.084375 0.021875 0.025
2 0.7921875 0.20390625 0.025 0.021875