2 0.4046875 0.9265625 0.0875 0.1375
2 0.8015625 0.978125 0.075 0.04375
2 0.77734375 0.8375 0.0484375 0.0546875
2 0.9015625 0.5203125 0.1453125 0.1703125
2 0.95546875 0.22421875 0.0671875 0.1
2 0.909375 0.74296875 0.084375 0.103125
2 0.95546875 0.66171875 0.0484375 0.0453125
2 0.95625 0.734375 0.0578125 0.0953125
2 0.7890625 0.77109375 0.021875 0.0390625
2 0.85390625 0.68515625 0.01875 0.021875
2 0.53359375 0.6890625 0.0140625 0.0484375
2 0.84921875 0.9765625 0.0390625 0.046875
2 0.8125 0.91796875 0.0234375 0.0203125
2 0.70625 0.86015625 0.0203125 0.0234375