2 0.92734375 0.3828125 0.1328125 0.09375
2 0.9859375 0.79921875 0.028125 0.0796875
2 0.846875 0.775 0.0578125 0.05
2 0.5171875 0.9109375 0.1828125 0.1546875
2 0.2078125 0.96796875 0.10625 0.0640625
2 0.75078125 0.91484375 0.109375 0.0921875
2 0.665625 0.9625 0.05 0.05
2 0.74296875 0.9578125 0.1 0.046875
2 0.778125 0.78828125 0.0390625 0.0234375
2 0.6890625 0.8578125 0.021875 0.0203125
2 0.6875 0.521875 0.05 0.0140625
2 0.9859375 0.84765625 0.028125 0.0421875
2 0.9328125 0.81015625 0.0203125 0.0234375
2 0.8703125 0.7 0.0234375 0.0203125