2 0.49453125 0.0578125 0.0921875 0.115625
2 0.90546875 0.07109375 0.078125 0.0578125
2 0.84765625 0.2125 0.05 0.0578125
2 0.90390625 0.5546875 0.153125 0.1796875
2 0.8953125 0.8609375 0.0703125 0.103125
2 0.9578125 0.334375 0.084375 0.109375
2 0.98125 0.42578125 0.0375 0.0484375
2 0.9875 0.35234375 0.025 0.0984375
2 0.8453125 0.28046875 0.025 0.0390625
2 0.8921875 0.3796875 0.0203125 0.021875
2 0.57265625 0.3078125 0.015625 0.05
2 0.95 0.0859375 0.0421875 0.0484375
2 0.9 0.1390625 0.0234375 0.021875
2 0.78203125 0.1734375 0.021875 0.0234375