2 0.9515625 0.1390625 0.096875 0.053125
2 0.79453125 0.22109375 0.04375 0.05625
2 0.8265625 0.30859375 0.0359375 0.03125
2 0.8859375 0.54765625 0.1421875 0.0828125
2 0.81484375 0.5859375 0.040625 0.04375
2 0.8 0.503125 0.0625 0.1
2 0.91484375 0.28671875 0.0265625 0.0359375
2 0.9734375 0.57421875 0.05 0.0765625
2 0.98515625 0.1765625 0.0296875 0.05
2 0.6703125 0.846875 0.0640625 0.0734375
2 0.76796875 0.71953125 0.1265625 0.175
2 0.96171875 0.84375 0.0375 0.0828125
2 0.93046875 0.7046875 0.0328125 0.0578125
2 0.9484375 0.78828125 0.05 0.05
2 0.94921875 0.75703125 0.025 0.03125
2 0.9546875 0.65234375 0.0296875 0.0296875
2 0.95546875 0.68359375 0.0140625 0.01875
2 0.9390625 0.79453125 0.01875 0.0203125
2 0.871875 0.72578125 0.021875 0.0390625
2 0.94453125 0.2140625 0.021875 0.01875
2 0.9671875 0.2046875 0.0171875 0.0265625