2 0.025 0.77890625 0.05 0.0765625
2 0.18125 0.72109375 0.059375 0.06875
2 0.1625 0.61953125 0.04375 0.040625
2 0.14375 0.3484375 0.165625 0.115625
2 0.2296875 0.31953125 0.05 0.053125
2 0.2296875 0.41328125 0.084375 0.1171875
2 0.06328125 0.625 0.0375 0.0453125
2 0.05703125 0.30234375 0.0640625 0.0890625
2 0.43671875 0.06328125 0.08125 0.0890625
2 0.30625 0.18359375 0.16875 0.209375
2 0.12109375 0.03046875 0.0484375 0.0609375
2 0.12578125 0.16875 0.046875 0.06875
2 0.12265625 0.075 0.0625 0.0640625
2 0.11484375 0.10859375 0.0328125 0.0375
2 0.08984375 0.22109375 0.0375 0.0375
2 0.0953125 0.18671875 0.01875 0.021875
2 0.134375 0.06875 0.0234375 0.0234375
2 0.19375 0.15703125 0.028125 0.04375
2 0.0171875 0.7 0.025 0.0234375