2 0.03203125 0.1484375 0.0640625 0.115625
2 0.1546875 0.28828125 0.0625 0.0515625
2 0.2328125 0.23359375 0.0375 0.0390625
2 0.4515625 0.1125 0.1 0.1515625
2 0.509375 0.171875 0.0484375 0.0453125
2 0.43125 0.20859375 0.1078125 0.0734375
2 0.18828125 0.15234375 0.040625 0.0328125
2 0.45625 0.02421875 0.08125 0.0484375
2 0.0578125 0.1046875 0.05625 0.05
2 0.8046875 0.24609375 0.08125 0.0734375
2 0.653125 0.1828125 0.1890625 0.1484375
2 0.59609375 0.02578125 0.0625 0.0421875
2 0.6734375 0.0078125 0.05625 0.015625
2 0.64140625 0.0046875 0.0359375 0.009375
2 0.53671875 0.0171875 0.0328125 0.034375
2 0.5671875 0.0078125 0.01875 0.015625
2 0.6828125 0.00234375 0.021875 0.0046875
2 0.63125 0.07890625 0.040625 0.025
2 0.1078125 0.1421875 0.021875 0.025
2 0.09296875 0.12265625 0.028125 0.0203125