2 0.93359375 0.9171875 0.1140625 0.0484375
2 0.76953125 0.81640625 0.0453125 0.05625
2 0.8109375 0.728125 0.0375 0.03125
2 0.89453125 0.484375 0.1453125 0.0796875
2 0.8234375 0.43671875 0.0390625 0.04375
2 0.80078125 0.52265625 0.059375 0.1015625
2 0.90078125 0.75859375 0.0265625 0.0375
2 0.98125 0.4625 0.0375 0.078125
2 0.971875 0.88203125 0.0453125 0.05
2 0.696875 0.15078125 0.0640625 0.0734375
2 0.7875 0.29296875 0.125 0.1765625
2 0.9921875 0.18125 0.015625 0.084375
2 0.95546875 0.3234375 0.0328125 0.059375
2 0.978125 0.23828125 0.04375 0.0515625
2 0.98046875 0.27109375 0.025 0.03125
2 0.9765625 0.38125 0.03125 0.028125
2 0.9796875 0.3484375 0.0125 0.01875
2 0.97265625 0.23046875 0.01875 0.01875
2 0.896875 0.296875 0.01875 0.040625
2 0.92578125 0.83828125 0.021875 0.01875
2 0.94765625 0.84921875 0.015625 0.0265625