2 0.06875 0.92109375 0.0984375 0.0546875
2 0.2234375 0.8109375 0.0484375 0.059375
2 0.17734375 0.721875 0.0390625 0.0328125
2 0.08203125 0.47265625 0.153125 0.0875
2 0.15390625 0.4203125 0.0421875 0.0453125
2 0.18046875 0.50859375 0.0640625 0.1078125
2 0.08515625 0.75625 0.0296875 0.0390625
2 0.00546875 0.45390625 0.0109375 0.0796875
2 0.02890625 0.88515625 0.021875 0.053125
2 0.275 0.1203125 0.0671875 0.0765625
2 0.18671875 0.271875 0.1359375 0.1875
2 0.01484375 0.3078125 0.0296875 0.0625
2 0.00546875 0.2203125 0.0109375 0.053125
2 0.00546875 0.3671875 0.0109375 0.03125
2 0.0734375 0.278125 0.0203125 0.0421875
2 0.06328125 0.8390625 0.0234375 0.0203125
2 0.040625 0.8515625 0.0171875 0.028125