2 0.0828125 0.93359375 0.0484375 0.1140625
2 0.18359375 0.76953125 0.05625 0.0453125
2 0.271875 0.8109375 0.03125 0.0375
2 0.515625 0.89453125 0.0796875 0.1453125
2 0.56328125 0.8234375 0.04375 0.0390625
2 0.47734375 0.80078125 0.1015625 0.059375
2 0.24140625 0.90078125 0.0375 0.0265625
2 0.5375 0.98125 0.078125 0.0375
2 0.11796875 0.971875 0.05 0.0453125
2 0.84921875 0.696875 0.0734375 0.0640625
2 0.70703125 0.7875 0.1765625 0.125
2 0.81875 0.9921875 0.084375 0.015625
2 0.6765625 0.95546875 0.059375 0.0328125
2 0.76171875 0.978125 0.0515625 0.04375
2 0.72890625 0.98046875 0.03125 0.025
2 0.61875 0.9765625 0.028125 0.03125
2 0.6515625 0.9796875 0.01875 0.0125
2 0.76953125 0.97265625 0.01875 0.01875
2 0.703125 0.896875 0.040625 0.01875
2 0.16171875 0.92578125 0.01875 0.021875
2 0.15078125 0.94765625 0.0265625 0.015625