2 0.0515625 0.93203125 0.0546875 0.09375
2 0.16171875 0.77890625 0.0609375 0.0484375
2 0.25234375 0.825 0.0328125 0.0390625
2 0.503125 0.92109375 0.0875 0.1546875
2 0.5546875 0.84921875 0.0453125 0.0421875
2 0.46640625 0.821875 0.1078125 0.065625
2 0.21796875 0.91796875 0.0390625 0.0296875
2 0.0875 0.971875 0.053125 0.0171875
2 0.85625 0.7265625 0.078125 0.06875
2 0.7046875 0.815625 0.1875 0.1375
2 0.66640625 0.98671875 0.0640625 0.0265625
2 0.75625 0.99609375 0.053125 0.0078125
2 0.6078125 0.99609375 0.03125 0.0078125
2 0.6984375 0.9296875 0.0421875 0.0203125
2 0.13359375 0.93984375 0.0203125 0.0234375
2 0.12109375 0.9625 0.028125 0.0171875