2 0.0484375 0.8609375 0.096875 0.053125
2 0.20546875 0.77890625 0.04375 0.05625
2 0.1734375 0.69140625 0.0359375 0.03125
2 0.1140625 0.45234375 0.1421875 0.0828125
2 0.18515625 0.4140625 0.040625 0.04375
2 0.2 0.496875 0.0625 0.1
2 0.08515625 0.71328125 0.0265625 0.0359375
2 0.0265625 0.42578125 0.05 0.0765625
2 0.01484375 0.8234375 0.0296875 0.05
2 0.3296875 0.153125 0.0640625 0.0734375
2 0.23203125 0.28046875 0.1265625 0.175
2 0.03828125 0.15625 0.0375 0.0828125
2 0.06953125 0.2953125 0.0328125 0.0578125
2 0.0515625 0.21171875 0.05 0.05
2 0.05078125 0.24296875 0.025 0.03125
2 0.0453125 0.34765625 0.0296875 0.0296875
2 0.04453125 0.31640625 0.0140625 0.01875
2 0.0609375 0.20546875 0.01875 0.0203125
2 0.128125 0.27421875 0.021875 0.0390625
2 0.05546875 0.7859375 0.021875 0.01875
2 0.0328125 0.7953125 0.0171875 0.0265625