2 0.8609375 0.9515625 0.053125 0.096875
2 0.77890625 0.79453125 0.05625 0.04375
2 0.69140625 0.8265625 0.03125 0.0359375
2 0.45234375 0.8859375 0.0828125 0.1421875
2 0.4140625 0.81484375 0.04375 0.040625
2 0.496875 0.8 0.1 0.0625
2 0.71328125 0.91484375 0.0359375 0.0265625
2 0.42578125 0.9734375 0.0765625 0.05
2 0.8234375 0.98515625 0.05 0.0296875
2 0.153125 0.6703125 0.0734375 0.0640625
2 0.28046875 0.76796875 0.175 0.1265625
2 0.15625 0.96171875 0.0828125 0.0375
2 0.2953125 0.93046875 0.0578125 0.0328125
2 0.21171875 0.9484375 0.05 0.05
2 0.24296875 0.94921875 0.03125 0.025
2 0.34765625 0.9546875 0.0296875 0.0296875
2 0.31640625 0.95546875 0.01875 0.0140625
2 0.20546875 0.9390625 0.0203125 0.01875
2 0.27421875 0.871875 0.0390625 0.021875
2 0.7859375 0.94453125 0.01875 0.021875
2 0.7953125 0.9671875 0.0265625 0.0171875