2 0.01171875 0.803125 0.0234375 0.06875
2 0.14375 0.7453125 0.0546875 0.0625
2 0.125 0.6515625 0.0421875 0.0390625
2 0.10390625 0.40078125 0.153125 0.1046875
2 0.18125 0.371875 0.0453125 0.05
2 0.18359375 0.459375 0.0765625 0.1078125
2 0.0328125 0.659375 0.034375 0.040625
2 0.03125 0.3609375 0.0390625 0.078125
2 0.3703125 0.13125 0.075 0.08125
2 0.25078125 0.24453125 0.1546875 0.19375
2 0.08515625 0.090625 0.0265625 0.0828125
2 0.08359375 0.2328125 0.04375 0.0640625
2 0.0859375 0.14765625 0.04375 0.0546875
2 0.0734375 0.178125 0.0296875 0.0359375
2 0.0515625 0.28359375 0.034375 0.034375
2 0.0546875 0.25078125 0.015625 0.0203125
2 0.08984375 0.140625 0.0203125 0.021875
2 0.146875 0.22109375 0.0265625 0.0421875