2 0.975 0.22109375 0.05 0.0765625
2 0.81875 0.27890625 0.059375 0.06875
2 0.8375 0.38046875 0.04375 0.040625
2 0.85625 0.6515625 0.165625 0.115625
2 0.7703125 0.68046875 0.05 0.053125
2 0.7703125 0.58671875 0.084375 0.1171875
2 0.93671875 0.375 0.0375 0.0453125
2 0.94296875 0.69765625 0.0640625 0.0890625
2 0.56328125 0.93671875 0.08125 0.0890625
2 0.69375 0.81640625 0.16875 0.209375
2 0.87890625 0.96953125 0.0484375 0.0609375
2 0.87421875 0.83125 0.046875 0.06875
2 0.87734375 0.925 0.0625 0.0640625
2 0.88515625 0.89140625 0.0328125 0.0375
2 0.91015625 0.77890625 0.0375 0.0375
2 0.9046875 0.81328125 0.01875 0.021875
2 0.865625 0.93125 0.0234375 0.0234375
2 0.80625 0.84296875 0.028125 0.04375
2 0.9828125 0.3 0.025 0.0234375