2 0.93203125 0.9484375 0.09375 0.0546875
2 0.77890625 0.83828125 0.0484375 0.0609375
2 0.825 0.74765625 0.0390625 0.0328125
2 0.92109375 0.496875 0.1546875 0.0875
2 0.84921875 0.4453125 0.0421875 0.0453125
2 0.821875 0.53359375 0.065625 0.1078125
2 0.91796875 0.78203125 0.0296875 0.0390625
2 0.971875 0.9125 0.0171875 0.053125
2 0.7265625 0.14375 0.06875 0.078125
2 0.815625 0.2953125 0.1375 0.1875
2 0.98671875 0.33359375 0.0265625 0.0640625
2 0.99609375 0.24375 0.0078125 0.053125
2 0.99609375 0.3921875 0.0078125 0.03125
2 0.9296875 0.3015625 0.0203125 0.0421875
2 0.93984375 0.86640625 0.0234375 0.0203125
2 0.9625 0.87890625 0.0171875 0.028125