2 0.07890625 0.06875 0.0546875 0.0984375
2 0.1890625 0.2234375 0.059375 0.0484375
2 0.278125 0.17734375 0.0328125 0.0390625
2 0.52734375 0.08203125 0.0875 0.153125
2 0.5796875 0.15390625 0.0453125 0.0421875
2 0.49140625 0.18046875 0.1078125 0.0640625
2 0.24375 0.08515625 0.0390625 0.0296875
2 0.54609375 0.00546875 0.0796875 0.0109375
2 0.11484375 0.02890625 0.053125 0.021875
2 0.8796875 0.275 0.0765625 0.0671875
2 0.728125 0.18671875 0.1875 0.1359375
2 0.6921875 0.01484375 0.0625 0.0296875
2 0.7796875 0.00546875 0.053125 0.0109375
2 0.6328125 0.00546875 0.03125 0.0109375
2 0.721875 0.0734375 0.0421875 0.0203125
2 0.1609375 0.06328125 0.0203125 0.0234375
2 0.1484375 0.040625 0.028125 0.0171875