2 0.8515625 0.03203125 0.115625 0.0640625
2 0.71171875 0.1546875 0.0515625 0.0625
2 0.76640625 0.2328125 0.0390625 0.0375
2 0.8875 0.4515625 0.1515625 0.1
2 0.828125 0.509375 0.0453125 0.0484375
2 0.79140625 0.43125 0.0734375 0.1078125
2 0.84765625 0.18828125 0.0328125 0.040625
2 0.97578125 0.45625 0.0484375 0.08125
2 0.8953125 0.0578125 0.05 0.05625
2 0.75390625 0.8046875 0.0734375 0.08125
2 0.8171875 0.653125 0.1484375 0.1890625
2 0.97421875 0.59609375 0.0421875 0.0625
2 0.9921875 0.6734375 0.015625 0.05625
2 0.9953125 0.64140625 0.009375 0.0359375
2 0.9828125 0.53671875 0.034375 0.0328125
2 0.9921875 0.5671875 0.015625 0.01875
2 0.99765625 0.6828125 0.0046875 0.021875
2 0.92109375 0.63125 0.025 0.040625
2 0.8578125 0.1078125 0.025 0.021875
2 0.87734375 0.09296875 0.0203125 0.028125