2 0.9171875 0.06640625 0.0484375 0.1140625
2 0.81640625 0.23046875 0.05625 0.0453125
2 0.728125 0.1890625 0.03125 0.0375
2 0.484375 0.10546875 0.0796875 0.1453125
2 0.43671875 0.1765625 0.04375 0.0390625
2 0.52265625 0.19921875 0.1015625 0.059375
2 0.75859375 0.09921875 0.0375 0.0265625
2 0.4625 0.01875 0.078125 0.0375
2 0.88203125 0.028125 0.05 0.0453125
2 0.15078125 0.303125 0.0734375 0.0640625
2 0.29296875 0.2125 0.1765625 0.125
2 0.18125 0.0078125 0.084375 0.015625
2 0.3234375 0.04453125 0.059375 0.0328125
2 0.23828125 0.021875 0.0515625 0.04375
2 0.27109375 0.01953125 0.03125 0.025
2 0.38125 0.0234375 0.028125 0.03125
2 0.3484375 0.0203125 0.01875 0.0125
2 0.23046875 0.02734375 0.01875 0.01875
2 0.296875 0.103125 0.040625 0.01875
2 0.83828125 0.07421875 0.01875 0.021875
2 0.84921875 0.05234375 0.0265625 0.015625