2 0.06796875 0.0515625 0.09375 0.0546875
2 0.22109375 0.16171875 0.0484375 0.0609375
2 0.175 0.25234375 0.0390625 0.0328125
2 0.07890625 0.503125 0.1546875 0.0875
2 0.15078125 0.5546875 0.0421875 0.0453125
2 0.178125 0.46640625 0.065625 0.1078125
2 0.08203125 0.21796875 0.0296875 0.0390625
2 0.028125 0.0875 0.0171875 0.053125
2 0.2734375 0.85625 0.06875 0.078125
2 0.184375 0.7046875 0.1375 0.1875
2 0.01328125 0.66640625 0.0265625 0.0640625
2 0.00390625 0.75625 0.0078125 0.053125
2 0.00390625 0.6078125 0.0078125 0.03125
2 0.0703125 0.6984375 0.0203125 0.0421875
2 0.06015625 0.13359375 0.0234375 0.0203125
2 0.0375 0.12109375 0.0171875 0.028125