2 0.98828125 0.196875 0.0234375 0.06875
2 0.85625 0.2546875 0.0546875 0.0625
2 0.875 0.3484375 0.0421875 0.0390625
2 0.89609375 0.59921875 0.153125 0.1046875
2 0.81875 0.628125 0.0453125 0.05
2 0.81640625 0.540625 0.0765625 0.1078125
2 0.9671875 0.340625 0.034375 0.040625
2 0.96875 0.6390625 0.0390625 0.078125
2 0.6296875 0.86875 0.075 0.08125
2 0.74921875 0.75546875 0.1546875 0.19375
2 0.91484375 0.909375 0.0265625 0.0828125
2 0.91640625 0.7671875 0.04375 0.0640625
2 0.9140625 0.85234375 0.04375 0.0546875
2 0.9265625 0.821875 0.0296875 0.0359375
2 0.9484375 0.71640625 0.034375 0.034375
2 0.9453125 0.74921875 0.015625 0.0203125
2 0.91015625 0.859375 0.0203125 0.021875
2 0.853125 0.77890625 0.0265625 0.0421875