2 0.11328125 0.834375 0.13125 0.1203125
2 0.028125 0.79375 0.0265625 0.0296875
2 0.00703125 0.8421875 0.0140625 0.034375
2 0.73671875 0.98515625 0.0921875 0.0296875
2 0.328125 0.38203125 0.0828125 0.040625
2 0.80546875 0.88203125 0.0234375 0.04375
2 0.85 0.978125 0.0125 0.01875
2 0.7828125 0.17578125 0.01875 0.0078125
2 0.278125 0.2625 0.015625 0.009375
2 0.1109375 0.3859375 0.01875 0.009375
2 0.1546875 0.7203125 0.0484375 0.0421875
2 0.040625 0.98203125 0.04375 0.00625
2 0.0703125 0.94140625 0.0453125 0.0515625