2 0.165625 0.11328125 0.1203125 0.13125
2 0.20625 0.028125 0.0296875 0.0265625
2 0.1578125 0.00703125 0.034375 0.0140625
2 0.01484375 0.73671875 0.0296875 0.0921875
2 0.61796875 0.328125 0.040625 0.0828125
2 0.11796875 0.80546875 0.04375 0.0234375
2 0.021875 0.85 0.01875 0.0125
2 0.82421875 0.7828125 0.0078125 0.01875
2 0.7375 0.278125 0.009375 0.015625
2 0.6140625 0.1109375 0.009375 0.01875
2 0.2796875 0.1546875 0.0421875 0.0484375
2 0.01796875 0.040625 0.00625 0.04375
2 0.05859375 0.0703125 0.0515625 0.0453125