2 0.834375 0.88671875 0.1203125 0.13125
2 0.79375 0.971875 0.0296875 0.0265625
2 0.8421875 0.99296875 0.034375 0.0140625
2 0.98515625 0.26328125 0.0296875 0.0921875
2 0.38203125 0.671875 0.040625 0.0828125
2 0.88203125 0.19453125 0.04375 0.0234375
2 0.978125 0.15 0.01875 0.0125
2 0.17578125 0.2171875 0.0078125 0.01875
2 0.2625 0.721875 0.009375 0.015625
2 0.3859375 0.8890625 0.009375 0.01875
2 0.7203125 0.8453125 0.0421875 0.0484375
2 0.98203125 0.959375 0.00625 0.04375
2 0.94140625 0.9296875 0.0515625 0.0453125