2 0.3037109375 0.267578125 0.0234375 0.013671875
2 0.33935546875 0.2747395833333333 0.015625 0.011067708333333334
1 0.35986328125 0.271484375 0.0107421875 0.009765625
2 0.2685546875 0.2721354166666667 0.013671875 0.01171875
2 0.44921875 0.265625 0.0126953125 0.008463541666666666
2 0.60205078125 0.2740885416666667 0.0078125 0.012369791666666666
2 0.599609375 0.2506510416666667 0.0205078125 0.013020833333333334
2 0.63330078125 0.22786458333333334 0.00927734375 0.0078125
2 0.6640625 0.2571614583333333 0.0068359375 0.0078125
2 0.5478515625 0.3776041666666667 0.0205078125 0.013671875
2 0.71826171875 0.35546875 0.01513671875 0.01953125
2 0.39892578125 0.3834635416666667 0.021484375 0.014973958333333334
2 0.4306640625 0.3841145833333333 0.0224609375 0.01171875
2 0.369140625 0.4322916666666667 0.021484375 0.013020833333333334
2 0.46826171875 0.4290364583333333 0.03955078125 0.0234375
1 0.3173828125 0.3704427083333333 0.00830078125 0.012369791666666666
2 0.29345703125 0.3489583333333333 0.01806640625 0.010416666666666666
2 0.33251953125 0.359375 0.009765625 0.014322916666666666
2 0.35205078125 0.3333333333333333 0.00927734375 0.011067708333333334
2 0.30908203125 0.626953125 0.03759765625 0.0390625
2 0.32666015625 0.5748697916666666 0.0166015625 0.016927083333333332
2 0.4140625 0.587890625 0.05517578125 0.024088541666666668
2 0.44384765625 0.6087239583333334 0.05712890625 0.037760416666666664
2 0.4306640625 0.7063802083333334 0.0546875 0.025390625
2 0.359375 0.7057291666666666 0.05078125 0.041015625
2 0.37451171875 0.736328125 0.033203125 0.05859375
2 0.40185546875 0.73828125 0.02197265625 0.055338541666666664
2 0.42578125 0.7428385416666666 0.03076171875 0.055989583333333336
2 0.63916015625 0.6015625 0.029296875 0.0234375
2 0.7373046875 0.54296875 0.02490234375 0.030598958333333332
2 0.69921875 0.5989583333333334 0.04052734375 0.029296875
2 0.67919921875 0.6119791666666666 0.06689453125 0.028645833333333332
2 0.66162109375 0.6236979166666666 0.02099609375 0.029296875
2 0.7158203125 0.494140625 0.0166015625 0.028645833333333332
2 0.5654296875 0.5149739583333334 0.02294921875 0.022786458333333332
2 0.63916015625 0.515625 0.037109375 0.026041666666666668
2 0.64111328125 0.5071614583333334 0.04345703125 0.024088541666666668
2 0.58154296875 0.5182291666666666 0.0224609375 0.02734375
2 0.57275390625 0.53125 0.02783203125 0.018880208333333332
2 0.21533203125 0.8450520833333334 0.087890625 0.039713541666666664
2 0.2646484375 0.7565104166666666 0.0712890625 0.051432291666666664
2 0.137451171875 0.96484375 0.08251953125 0.0703125
2 0.2626953125 0.9231770833333334 0.037109375 0.037109375
2 0.18994140625 0.484375 0.00537109375 0.005859375
2 0.10693359375 0.466796875 0.0244140625 0.011067708333333334
2 0.18359375 0.7962239583333334 0.0283203125 0.026692708333333332
2 0.14208984375 0.2630208333333333 0.0205078125 0.014322916666666666
2 0.0224609375 0.2747395833333333 0.01171875 0.016927083333333332