2 0.32568359375 0.76171875 0.01025390625 0.03125
2 0.3310546875 0.7141927083333334 0.00830078125 0.020833333333333332
1 0.32861328125 0.6868489583333334 0.00732421875 0.014322916666666666
2 0.3291015625 0.80859375 0.0087890625 0.018229166666666668
2 0.32421875 0.5677083333333334 0.00634765625 0.016927083333333332
2 0.33056640625 0.3639322916666667 0.00927734375 0.010416666666666666
2 0.31298828125 0.3671875 0.009765625 0.02734375
2 0.2958984375 0.322265625 0.005859375 0.012369791666666666
2 0.31787109375 0.28125 0.005859375 0.009114583333333334
2 0.408203125 0.4361979166666667 0.01025390625 0.02734375
2 0.3916015625 0.208984375 0.0146484375 0.020182291666666668
2 0.41259765625 0.634765625 0.01123046875 0.028645833333333332
2 0.4130859375 0.5924479166666666 0.0087890625 0.029947916666666668
2 0.44921875 0.6744791666666666 0.009765625 0.028645833333333332
2 0.44677734375 0.5423177083333334 0.017578125 0.052734375
1 0.40283203125 0.7434895833333334 0.00927734375 0.011067708333333334
2 0.38671875 0.775390625 0.0078125 0.024088541666666668
2 0.39453125 0.7233072916666666 0.0107421875 0.013020833333333334
2 0.375 0.697265625 0.00830078125 0.012369791666666666
2 0.59521484375 0.7545572916666666 0.029296875 0.050130208333333336
2 0.55615234375 0.7311197916666666 0.0126953125 0.022135416666666668
2 0.56591796875 0.6145833333333334 0.01806640625 0.07356770833333333
2 0.58154296875 0.5748697916666666 0.0283203125 0.076171875
2 0.65478515625 0.5924479166666666 0.01904296875 0.07291666666666667
2 0.654296875 0.6875 0.03076171875 0.06770833333333333
2 0.67724609375 0.6673177083333334 0.0439453125 0.044270833333333336
2 0.6787109375 0.630859375 0.04150390625 0.029296875
2 0.68212890625 0.5989583333333334 0.0419921875 0.041015625
2 0.576171875 0.314453125 0.017578125 0.0390625
2 0.5322265625 0.18359375 0.02294921875 0.033203125
2 0.57421875 0.234375 0.02197265625 0.054036458333333336
2 0.583984375 0.2610677083333333 0.021484375 0.08919270833333333
2 0.5927734375 0.2845052083333333 0.02197265625 0.027994791666666668
2 0.49560546875 0.21223958333333334 0.021484375 0.022135416666666668
2 0.51123046875 0.4127604166666667 0.01708984375 0.030598958333333332
2 0.51171875 0.314453125 0.01953125 0.049479166666666664
2 0.50537109375 0.3118489583333333 0.01806640625 0.057942708333333336
2 0.513671875 0.3912760416666667 0.0205078125 0.029947916666666668
2 0.5234375 0.4029947916666667 0.01416015625 0.037109375
2 0.7587890625 0.8795572916666666 0.02978515625 0.1171875
2 0.6923828125 0.8138020833333334 0.03857421875 0.09505208333333333
2 0.8486328125 0.9641927083333334 0.052734375 0.07161458333333333
2 0.8173828125 0.81640625 0.02783203125 0.049479166666666664
2 0.48828125 0.9134114583333334 0.00439453125 0.007161458333333333
2 0.72216796875 0.921875 0.02001953125 0.037760416666666664
2 0.322265625 0.9772135416666666 0.0107421875 0.02734375