2 0.6962890625 0.732421875 0.0234375 0.013671875
2 0.66064453125 0.7252604166666666 0.015625 0.011067708333333334
1 0.64013671875 0.728515625 0.0107421875 0.009765625
2 0.7314453125 0.7278645833333334 0.013671875 0.01171875
2 0.55078125 0.734375 0.0126953125 0.008463541666666666
2 0.39794921875 0.7259114583333334 0.0078125 0.012369791666666666
2 0.400390625 0.7493489583333334 0.0205078125 0.013020833333333334
2 0.36669921875 0.7721354166666666 0.00927734375 0.0078125
2 0.3359375 0.7428385416666666 0.0068359375 0.0078125
2 0.4521484375 0.6223958333333334 0.0205078125 0.013671875
2 0.28173828125 0.64453125 0.01513671875 0.01953125
2 0.60107421875 0.6165364583333334 0.021484375 0.014973958333333334
2 0.5693359375 0.6158854166666666 0.0224609375 0.01171875
2 0.630859375 0.5677083333333334 0.021484375 0.013020833333333334
2 0.53173828125 0.5709635416666666 0.03955078125 0.0234375
1 0.6826171875 0.6295572916666666 0.00830078125 0.012369791666666666
2 0.70654296875 0.6510416666666666 0.01806640625 0.010416666666666666
2 0.66748046875 0.640625 0.009765625 0.014322916666666666
2 0.64794921875 0.6666666666666666 0.00927734375 0.011067708333333334
2 0.69091796875 0.373046875 0.03759765625 0.0390625
2 0.67333984375 0.4251302083333333 0.0166015625 0.016927083333333332
2 0.5859375 0.412109375 0.05517578125 0.024088541666666668
2 0.55615234375 0.3912760416666667 0.05712890625 0.037760416666666664
2 0.5693359375 0.2936197916666667 0.0546875 0.025390625
2 0.640625 0.2942708333333333 0.05078125 0.041015625
2 0.62548828125 0.263671875 0.033203125 0.05859375
2 0.59814453125 0.26171875 0.02197265625 0.055338541666666664
2 0.57421875 0.2571614583333333 0.03076171875 0.055989583333333336
2 0.36083984375 0.3984375 0.029296875 0.0234375
2 0.2626953125 0.45703125 0.02490234375 0.030598958333333332
2 0.30078125 0.4010416666666667 0.04052734375 0.029296875
2 0.32080078125 0.3880208333333333 0.06689453125 0.028645833333333332
2 0.33837890625 0.3763020833333333 0.02099609375 0.029296875
2 0.2841796875 0.505859375 0.0166015625 0.028645833333333332
2 0.4345703125 0.4850260416666667 0.02294921875 0.022786458333333332
2 0.36083984375 0.484375 0.037109375 0.026041666666666668
2 0.35888671875 0.4928385416666667 0.04345703125 0.024088541666666668
2 0.41845703125 0.4817708333333333 0.0224609375 0.02734375
2 0.42724609375 0.46875 0.02783203125 0.018880208333333332
2 0.78466796875 0.15494791666666666 0.087890625 0.039713541666666664
2 0.7353515625 0.24348958333333334 0.0712890625 0.051432291666666664
2 0.862548828125 0.03515625 0.08251953125 0.0703125
2 0.7373046875 0.07682291666666667 0.037109375 0.037109375
2 0.81005859375 0.515625 0.00537109375 0.005859375
2 0.89306640625 0.533203125 0.0244140625 0.011067708333333334
2 0.81640625 0.20377604166666666 0.0283203125 0.026692708333333332
2 0.85791015625 0.7369791666666666 0.0205078125 0.014322916666666666
2 0.9775390625 0.7252604166666666 0.01171875 0.016927083333333332