2 0.62060546875 0.15755208333333334 0.02734375 0.072265625
2 0.6982421875 0.18684895833333334 0.03857421875 0.046875
1 0.6982421875 0.2649739583333333 0.0205078125 0.026041666666666668
2 0.50830078125 0.2421875 0.0361328125 0.0390625
2 0.75048828125 0.240234375 0.01318359375 0.012369791666666666
2 0.6552734375 0.3587239583333333 0.01904296875 0.033854166666666664
2 0.63427734375 0.3515625 0.0185546875 0.048177083333333336
2 0.65771484375 0.3333333333333333 0.03271484375 0.032552083333333336
2 0.60107421875 0.35546875 0.041015625 0.04296875
2 0.58544921875 0.375 0.044921875 0.0390625
2 0.5009765625 0.3756510416666667 0.0205078125 0.037109375
2 0.416015625 0.2916666666666667 0.04345703125 0.046875
2 0.572265625 0.5891927083333334 0.02099609375 0.016927083333333332
2 0.67431640625 0.5299479166666666 0.0302734375 0.028645833333333332
2 0.70458984375 0.58203125 0.02978515625 0.014322916666666666
2 0.74755859375 0.5787760416666666 0.02978515625 0.018229166666666668
2 0.7958984375 0.615234375 0.01513671875 0.015625
2 0.88330078125 0.5026041666666666 0.015625 0.018880208333333332
1 0.8408203125 0.5989583333333334 0.01220703125 0.016276041666666668
1 0.83935546875 0.5846354166666666 0.01953125 0.01171875
2 0.720703125 0.6529947916666666 0.01953125 0.014322916666666666
2 0.82861328125 0.6334635416666666 0.02099609375 0.015625
2 0.72705078125 0.6412760416666666 0.01416015625 0.014973958333333334
2 0.66748046875 0.5377604166666666 0.02392578125 0.016276041666666668
2 0.3798828125 0.51171875 0.0078125 0.008463541666666666
2 0.76025390625 0.7376302083333334 0.0224609375 0.014973958333333334
2 0.7216796875 0.7278645833333334 0.01806640625 0.011067708333333334
1 0.68896484375 0.732421875 0.01318359375 0.008463541666666666
2 0.5693359375 0.7421875 0.0146484375 0.010416666666666666
2 0.35888671875 0.765625 0.02587890625 0.016927083333333332
2 0.28515625 0.7936197916666666 0.01123046875 0.010416666666666666
2 0.7529296875 0.23046875 0.07666015625 0.06510416666666667
2 0.6806640625 0.1328125 0.09765625 0.0546875
2 0.7255859375 0.107421875 0.0234375 0.06966145833333333
2 0.51953125 0.19140625 0.00732421875 0.009765625
2 0.59423828125 0.16861979166666666 0.01171875 0.013020833333333334
2 0.94482421875 0.7376302083333334 0.0263671875 0.016276041666666668
2 0.8056640625 0.7311197916666666 0.0107421875 0.01171875
2 0.37548828125 0.736328125 0.00927734375 0.014322916666666666