2 0.37939453125 0.8424479166666666 0.02734375 0.072265625
2 0.3017578125 0.8131510416666666 0.03857421875 0.046875
1 0.3017578125 0.7350260416666666 0.0205078125 0.026041666666666668
2 0.49169921875 0.7578125 0.0361328125 0.0390625
2 0.24951171875 0.759765625 0.01318359375 0.012369791666666666
2 0.3447265625 0.6412760416666666 0.01904296875 0.033854166666666664
2 0.36572265625 0.6484375 0.0185546875 0.048177083333333336
2 0.34228515625 0.6666666666666666 0.03271484375 0.032552083333333336
2 0.39892578125 0.64453125 0.041015625 0.04296875
2 0.41455078125 0.625 0.044921875 0.0390625
2 0.4990234375 0.6243489583333334 0.0205078125 0.037109375
2 0.583984375 0.7083333333333334 0.04345703125 0.046875
2 0.427734375 0.4108072916666667 0.02099609375 0.016927083333333332
2 0.32568359375 0.4700520833333333 0.0302734375 0.028645833333333332
2 0.29541015625 0.41796875 0.02978515625 0.014322916666666666
2 0.25244140625 0.4212239583333333 0.02978515625 0.018229166666666668
2 0.2041015625 0.384765625 0.01513671875 0.015625
2 0.11669921875 0.4973958333333333 0.015625 0.018880208333333332
1 0.1591796875 0.4010416666666667 0.01220703125 0.016276041666666668
1 0.16064453125 0.4153645833333333 0.01953125 0.01171875
2 0.279296875 0.3470052083333333 0.01953125 0.014322916666666666
2 0.17138671875 0.3665364583333333 0.02099609375 0.015625
2 0.27294921875 0.3587239583333333 0.01416015625 0.014973958333333334
2 0.33251953125 0.4622395833333333 0.02392578125 0.016276041666666668
2 0.6201171875 0.48828125 0.0078125 0.008463541666666666
2 0.23974609375 0.2623697916666667 0.0224609375 0.014973958333333334
2 0.2783203125 0.2721354166666667 0.01806640625 0.011067708333333334
1 0.31103515625 0.267578125 0.01318359375 0.008463541666666666
2 0.4306640625 0.2578125 0.0146484375 0.010416666666666666
2 0.64111328125 0.234375 0.02587890625 0.016927083333333332
2 0.71484375 0.20638020833333334 0.01123046875 0.010416666666666666
2 0.2470703125 0.76953125 0.07666015625 0.06510416666666667
2 0.3193359375 0.8671875 0.09765625 0.0546875
2 0.2744140625 0.892578125 0.0234375 0.06966145833333333
2 0.48046875 0.80859375 0.00732421875 0.009765625
2 0.40576171875 0.8313802083333334 0.01171875 0.013020833333333334
2 0.05517578125 0.2623697916666667 0.0263671875 0.016276041666666668
2 0.1943359375 0.2688802083333333 0.0107421875 0.01171875
2 0.62451171875 0.263671875 0.00927734375 0.014322916666666666