2 0.4306640625 0.9186197916666666 0.02783203125 0.027994791666666668
2 0.484375 0.7135416666666666 0.0439453125 0.045572916666666664
2 0.72265625 0.7936197916666666 0.05224609375 0.0625
2 0.71142578125 0.7565104166666666 0.04150390625 0.049479166666666664
2 0.69384765625 0.7252604166666666 0.0703125 0.05078125
2 0.67138671875 0.673828125 0.07568359375 0.06640625
2 0.66748046875 0.6328125 0.0556640625 0.036458333333333336
2 0.54443359375 0.37890625 0.0234375 0.042317708333333336
2 0.58251953125 0.4134114583333333 0.04638671875 0.06640625
2 0.4970703125 0.2513020833333333 0.02978515625 0.07096354166666667
2 0.49462890625 0.20442708333333334 0.01904296875 0.036458333333333336
2 0.513671875 0.2545572916666667 0.0234375 0.0390625
2 0.51171875 0.6119791666666666 0.0107421875 0.029296875
2 0.28173828125 0.4720052083333333 0.0107421875 0.012369791666666666
2 0.2587890625 0.3385416666666667 0.0078125 0.029947916666666668
2 0.2861328125 0.291015625 0.00732421875 0.037109375
2 0.29833984375 0.580078125 0.00927734375 0.055338541666666664
2 0.2998046875 0.5221354166666666 0.00634765625 0.027994791666666668
2 0.43701171875 0.41015625 0.0126953125 0.044270833333333336
2 0.84814453125 0.8294270833333334 0.01611328125 0.0234375