2 0.81396484375 0.5924479166666666 0.02099609375 0.037109375
2 0.66015625 0.5208333333333334 0.0341796875 0.05859375
2 0.72021484375 0.203125 0.046875 0.06966145833333333
2 0.6923828125 0.21809895833333334 0.037109375 0.055338541666666664
2 0.6689453125 0.24153645833333334 0.0380859375 0.09375
2 0.63037109375 0.271484375 0.0498046875 0.10091145833333333
2 0.599609375 0.2766927083333333 0.02734375 0.07421875
2 0.4091796875 0.4407552083333333 0.03173828125 0.03125
2 0.43505859375 0.3899739583333333 0.0498046875 0.061848958333333336
2 0.3134765625 0.50390625 0.05322265625 0.039713541666666664
2 0.2783203125 0.5071614583333334 0.02734375 0.025390625
2 0.31591796875 0.4817708333333333 0.029296875 0.03125
2 0.583984375 0.484375 0.02197265625 0.014322916666666666
2 0.47900390625 0.791015625 0.00927734375 0.014322916666666666
2 0.37890625 0.8216145833333334 0.0224609375 0.010416666666666666
2 0.34326171875 0.78515625 0.02783203125 0.009765625
2 0.56005859375 0.7688802083333334 0.04150390625 0.012369791666666666
2 0.5166015625 0.7669270833333334 0.02099609375 0.008463541666666666
2 0.4326171875 0.583984375 0.033203125 0.016927083333333332
2 0.8994140625 0.4251302083333333 0.01416015625 0.010416666666666666
2 0.7470703125 0.035807291666666664 0.017578125 0.021484375