2 0.18603515625 0.4075520833333333 0.02099609375 0.037109375
2 0.33984375 0.4791666666666667 0.0341796875 0.05859375
2 0.27978515625 0.796875 0.046875 0.06966145833333333
2 0.3076171875 0.7819010416666666 0.037109375 0.055338541666666664
2 0.3310546875 0.7584635416666666 0.0380859375 0.09375
2 0.36962890625 0.728515625 0.0498046875 0.10091145833333333
2 0.400390625 0.7233072916666666 0.02734375 0.07421875
2 0.5908203125 0.5592447916666666 0.03173828125 0.03125
2 0.56494140625 0.6100260416666666 0.0498046875 0.061848958333333336
2 0.6865234375 0.49609375 0.05322265625 0.039713541666666664
2 0.7216796875 0.4928385416666667 0.02734375 0.025390625
2 0.68408203125 0.5182291666666666 0.029296875 0.03125
2 0.416015625 0.515625 0.02197265625 0.014322916666666666
2 0.52099609375 0.208984375 0.00927734375 0.014322916666666666
2 0.62109375 0.17838541666666666 0.0224609375 0.010416666666666666
2 0.65673828125 0.21484375 0.02783203125 0.009765625
2 0.43994140625 0.23111979166666666 0.04150390625 0.012369791666666666
2 0.4833984375 0.23307291666666666 0.02099609375 0.008463541666666666
2 0.5673828125 0.416015625 0.033203125 0.016927083333333332
2 0.1005859375 0.5748697916666666 0.01416015625 0.010416666666666666
2 0.2529296875 0.9641927083333334 0.017578125 0.021484375