1 0.5609375 0.3234375 0.0328125 0.0359375
2 0.5140625 0.3265625 0.0578125 0.0546875
2 0.44453125 0.27578125 0.046875 0.046875
2 0.5328125 0.16171875 0.0296875 0.034375
2 0.3984375 0.446875 0.06875 0.0515625
2 0.53828125 0.36484375 0.06875 0.03125
2 0.5125 0.53828125 0.03125 0.053125
2 0.49453125 0.46953125 0.0359375 0.0546875
2 0.6359375 0.546875 0.021875 0.0265625
2 0.30625 0.5578125 0.0328125 0.0359375
2 0.47578125 0.61015625 0.05625 0.0484375
2 0.45234375 0.6453125 0.0265625 0.034375
1 0.4703125 0.7921875 0.0203125 0.015625