1 0.50625 0.72578125 0.034375 0.0359375
2 0.45859375 0.71015625 0.059375 0.0546875
2 0.375 0.74375 0.046875 0.046875
2 0.43671875 0.8828125 0.028125 0.0359375
2 0.371875 0.55859375 0.06875 0.05
2 0.49296875 0.67734375 0.0703125 0.028125
2 0.5109375 0.49453125 0.0296875 0.053125
2 0.47578125 0.559375 0.0328125 0.0546875
2 0.63984375 0.5171875 0.0203125 0.0265625
2 0.30625 0.421875 0.03125 0.034375
2 0.4921875 0.41171875 0.05625 0.0484375
2 0.4765625 0.36953125 0.025 0.034375
1 0.5328125 0.22421875 0.0203125 0.0140625