1 0.51953125 0.70546875 0.03125 0.034375
2 0.565625 0.68984375 0.0578125 0.0515625
2 0.646875 0.72109375 0.0453125 0.046875
2 0.5890625 0.85703125 0.028125 0.0359375
2 0.64765625 0.54140625 0.06875 0.05
2 0.53046875 0.6578125 0.06875 0.028125
2 0.51171875 0.48046875 0.0296875 0.0515625
2 0.54609375 0.54296875 0.0328125 0.05625
2 0.38671875 0.50390625 0.021875 0.025
2 0.70859375 0.40625 0.03125 0.034375
2 0.528125 0.4 0.0546875 0.0453125
2 0.54140625 0.35859375 0.025 0.0328125
1 0.484375 0.21875 0.0203125 0.0140625