1 0.49375 0.27421875 0.034375 0.0359375
2 0.54140625 0.28984375 0.059375 0.0546875
2 0.625 0.25625 0.046875 0.046875
2 0.56328125 0.1171875 0.028125 0.0359375
2 0.628125 0.44140625 0.06875 0.05
2 0.50703125 0.32265625 0.0703125 0.028125
2 0.4890625 0.50546875 0.0296875 0.053125
2 0.52421875 0.440625 0.0328125 0.0546875
2 0.36015625 0.4828125 0.0203125 0.0265625
2 0.69375 0.578125 0.03125 0.034375
2 0.5078125 0.58828125 0.05625 0.0484375
2 0.5234375 0.63046875 0.025 0.034375
1 0.4671875 0.77578125 0.0203125 0.0140625