1 0.49453125 0.6828125 0.034375 0.0359375
2 0.45 0.66328125 0.0609375 0.05625
2 0.365625 0.6875 0.05 0.0515625
2 0.4109375 0.82890625 0.03125 0.0375
2 0.38046875 0.50703125 0.071875 0.0546875
2 0.4875 0.634375 0.071875 0.034375
2 0.52265625 0.45859375 0.034375 0.053125
2 0.48203125 0.51796875 0.0375 0.0578125
2 0.6453125 0.49296875 0.0234375 0.0265625
2 0.33125 0.3671875 0.0328125 0.0359375
2 0.51328125 0.37578125 0.0578125 0.05
2 0.503125 0.334375 0.028125 0.034375
1 0.571875 0.19921875 0.0203125 0.015625