1 0.70390625 0.46015625 0.0375 0.034375
2 0.6859375 0.41328125 0.05625 0.059375
2 0.7125 0.3296875 0.05 0.0484375
2 0.8546875 0.3796875 0.0375 0.0296875
2 0.5296875 0.3375 0.053125 0.071875
2 0.6546875 0.45 0.0328125 0.071875
2 0.47578125 0.47890625 0.0546875 0.0328125
2 0.53828125 0.440625 0.05625 0.0359375
2 0.50703125 0.6046875 0.028125 0.021875
2 0.390625 0.28359375 0.0375 0.0328125
2 0.39375 0.4671875 0.05 0.0578125
2 0.35078125 0.45546875 0.0359375 0.0265625
1 0.21171875 0.5203125 0.015625 0.0203125