1 0.29453125 0.51953125 0.034375 0.03125
2 0.31015625 0.565625 0.0515625 0.0578125
2 0.27890625 0.646875 0.046875 0.0453125
2 0.14296875 0.5890625 0.0359375 0.028125
2 0.45859375 0.64765625 0.05 0.06875
2 0.3421875 0.53046875 0.028125 0.06875
2 0.51953125 0.51171875 0.0515625 0.0296875
2 0.45703125 0.54609375 0.05625 0.0328125
2 0.49609375 0.38671875 0.025 0.021875
2 0.59375 0.70859375 0.034375 0.03125
2 0.6 0.528125 0.0453125 0.0546875
2 0.64140625 0.54140625 0.0328125 0.025
1 0.78125 0.484375 0.0140625 0.0203125