1 0.6640625 0.52734375 0.0359375 0.034375
2 0.64375 0.571875 0.05625 0.0609375
2 0.66640625 0.65625 0.05 0.0484375
2 0.8078125 0.61328125 0.0375 0.03125
2 0.4875 0.63828125 0.05625 0.071875
2 0.61640625 0.534375 0.0359375 0.0703125
2 0.44140625 0.49609375 0.0546875 0.034375
2 0.50078125 0.5375 0.0578125 0.0390625
2 0.47890625 0.375 0.0265625 0.0234375
2 0.34765625 0.68515625 0.0359375 0.034375
2 0.36015625 0.5046875 0.05 0.0578125
2 0.3171875 0.51328125 0.034375 0.028125
1 0.18359375 0.4421875 0.015625 0.0203125