1 0.5296875 0.67734375 0.0375 0.040625
2 0.47890625 0.67734375 0.065625 0.0609375
2 0.40703125 0.734375 0.0515625 0.0515625
2 0.50859375 0.853125 0.0328125 0.0390625
2 0.34765625 0.5546875 0.075 0.0578125
2 0.50234375 0.634375 0.075 0.0359375
2 0.46484375 0.45 0.0359375 0.0578125
2 0.45 0.52421875 0.0390625 0.0609375
2 0.59765625 0.4328125 0.0234375 0.028125
2 0.24296875 0.43984375 0.034375 0.0390625
2 0.42109375 0.37421875 0.0609375 0.053125
2 0.39453125 0.33828125 0.028125 0.0375
1 0.40546875 0.17890625 0.0234375 0.01875