1 0.70546875 0.5265625 0.0328125 0.0296875
2 0.69140625 0.48046875 0.05 0.0546875
2 0.725 0.40234375 0.04375 0.04375
2 0.85625 0.4625 0.0328125 0.0265625
2 0.5484375 0.3953125 0.046875 0.065625
2 0.659375 0.51328125 0.0265625 0.0671875
2 0.48515625 0.52578125 0.0515625 0.0265625
2 0.54765625 0.49453125 0.053125 0.03125
2 0.50390625 0.64921875 0.025 0.0203125
2 0.41953125 0.33125 0.0328125 0.0296875
2 0.40625 0.50703125 0.04375 0.053125
2 0.3671875 0.49296875 0.0328125 0.0234375
1 0.228125 0.54296875 0.0140625 0.0203125