1 0.47265625 0.6640625 0.034375 0.0359375
2 0.428125 0.64375 0.0609375 0.05625
2 0.34375 0.66640625 0.0484375 0.05
2 0.38671875 0.8078125 0.03125 0.0375
2 0.36171875 0.4875 0.071875 0.05625
2 0.465625 0.61640625 0.0703125 0.0359375
2 0.50390625 0.44140625 0.034375 0.0546875
2 0.4625 0.50078125 0.0390625 0.0578125
2 0.625 0.47890625 0.0234375 0.0265625
2 0.31484375 0.34765625 0.034375 0.0359375
2 0.4953125 0.36015625 0.0578125 0.05
2 0.48671875 0.3171875 0.028125 0.034375
1 0.5578125 0.18359375 0.0203125 0.015625