1 0.3234375 0.4390625 0.0359375 0.0328125
2 0.3265625 0.4859375 0.0546875 0.0578125
2 0.27578125 0.55546875 0.046875 0.046875
2 0.16171875 0.4671875 0.034375 0.0296875
2 0.446875 0.6015625 0.0515625 0.06875
2 0.36484375 0.46171875 0.03125 0.06875
2 0.53828125 0.4875 0.053125 0.03125
2 0.46953125 0.50546875 0.0546875 0.0359375
2 0.546875 0.3640625 0.0265625 0.021875
2 0.5578125 0.69375 0.0359375 0.0328125
2 0.61015625 0.52421875 0.0484375 0.05625
2 0.6453125 0.54765625 0.034375 0.0265625
1 0.7921875 0.5296875 0.015625 0.0203125