1 0.6828125 0.50546875 0.0359375 0.034375
2 0.66328125 0.55 0.05625 0.0609375
2 0.6875 0.634375 0.0515625 0.05
2 0.82890625 0.5890625 0.0375 0.03125
2 0.50703125 0.61953125 0.0546875 0.071875
2 0.634375 0.5125 0.034375 0.071875
2 0.45859375 0.47734375 0.053125 0.034375
2 0.51796875 0.51796875 0.0578125 0.0375
2 0.49296875 0.3546875 0.0265625 0.0234375
2 0.3671875 0.66875 0.0359375 0.0328125
2 0.37578125 0.48671875 0.05 0.0578125
2 0.334375 0.496875 0.034375 0.028125
1 0.19921875 0.428125 0.015625 0.0203125