1 0.671875 0.5046875 0.0359375 0.034375
2 0.65625 0.553125 0.0546875 0.059375
2 0.690625 0.6359375 0.046875 0.046875
2 0.82890625 0.575 0.0359375 0.028125
2 0.5046875 0.63984375 0.05 0.06875
2 0.6234375 0.51796875 0.028125 0.0703125
2 0.440625 0.50078125 0.053125 0.0296875
2 0.50546875 0.5359375 0.0546875 0.0328125
2 0.4625 0.371875 0.0265625 0.0203125
2 0.3671875 0.70546875 0.034375 0.03125
2 0.3578125 0.51953125 0.0484375 0.05625
2 0.315625 0.534375 0.034375 0.025
1 0.17109375 0.478125 0.0140625 0.0203125