1 0.29609375 0.53984375 0.0375 0.034375
2 0.3140625 0.58671875 0.05625 0.059375
2 0.2875 0.6703125 0.05 0.0484375
2 0.1453125 0.6203125 0.0375 0.0296875
2 0.4703125 0.6625 0.053125 0.071875
2 0.3453125 0.55 0.0328125 0.071875
2 0.52421875 0.52109375 0.0546875 0.0328125
2 0.46171875 0.559375 0.05625 0.0359375
2 0.49296875 0.3953125 0.028125 0.021875
2 0.609375 0.71640625 0.0375 0.0328125
2 0.60625 0.5328125 0.05 0.0578125
2 0.64921875 0.54453125 0.0359375 0.0265625
1 0.78828125 0.4796875 0.015625 0.0203125