1 0.67734375 0.4703125 0.040625 0.0375
2 0.67734375 0.52109375 0.0609375 0.065625
2 0.734375 0.59296875 0.0515625 0.0515625
2 0.853125 0.49140625 0.0390625 0.0328125
2 0.5546875 0.65234375 0.0578125 0.075
2 0.634375 0.49765625 0.0359375 0.075
2 0.45 0.53515625 0.0578125 0.0359375
2 0.52421875 0.55 0.0609375 0.0390625
2 0.4328125 0.40234375 0.028125 0.0234375
2 0.43984375 0.75703125 0.0390625 0.034375
2 0.37421875 0.57890625 0.053125 0.0609375
2 0.33828125 0.60546875 0.0375 0.028125
1 0.17890625 0.59453125 0.01875 0.0234375