1 0.29453125 0.4734375 0.0328125 0.0296875
2 0.30859375 0.51953125 0.05 0.0546875
2 0.275 0.59765625 0.04375 0.04375
2 0.14375 0.5375 0.0328125 0.0265625
2 0.4515625 0.6046875 0.046875 0.065625
2 0.340625 0.48671875 0.0265625 0.0671875
2 0.51484375 0.47421875 0.0515625 0.0265625
2 0.45234375 0.50546875 0.053125 0.03125
2 0.49609375 0.35078125 0.025 0.0203125
2 0.58046875 0.66875 0.0328125 0.0296875
2 0.59375 0.49296875 0.04375 0.053125
2 0.6328125 0.50703125 0.0328125 0.0234375
1 0.771875 0.45703125 0.0140625 0.0203125