1 0.53984375 0.70390625 0.034375 0.0375
2 0.58671875 0.6859375 0.059375 0.05625
2 0.6703125 0.7125 0.0484375 0.05
2 0.6203125 0.8546875 0.0296875 0.0375
2 0.6625 0.5296875 0.071875 0.053125
2 0.55 0.6546875 0.071875 0.0328125
2 0.52109375 0.47578125 0.0328125 0.0546875
2 0.559375 0.53828125 0.0359375 0.05625
2 0.3953125 0.50703125 0.021875 0.028125
2 0.71640625 0.390625 0.0328125 0.0375
2 0.5328125 0.39375 0.0578125 0.05
2 0.54453125 0.35078125 0.0265625 0.0359375
1 0.4796875 0.21171875 0.0203125 0.015625