1 0.3171875 0.49453125 0.0359375 0.034375
2 0.33671875 0.45 0.05625 0.0609375
2 0.3125 0.365625 0.0515625 0.05
2 0.17109375 0.4109375 0.0375 0.03125
2 0.49296875 0.38046875 0.0546875 0.071875
2 0.365625 0.4875 0.034375 0.071875
2 0.54140625 0.52265625 0.053125 0.034375
2 0.48203125 0.48203125 0.0578125 0.0375
2 0.50703125 0.6453125 0.0265625 0.0234375
2 0.6328125 0.33125 0.0359375 0.0328125
2 0.62421875 0.51328125 0.05 0.0578125
2 0.665625 0.503125 0.034375 0.028125
1 0.80078125 0.571875 0.015625 0.0203125