1 0.66484375 0.528125 0.034375 0.0328125
2 0.45859375 0.67890625 0.0296875 0.021875
2 0.4390625 0.56015625 0.040625 0.0515625
2 0.571875 0.565625 0.03125 0.0234375
2 0.65078125 0.5 0.0703125 0.0703125
2 0.39453125 0.29609375 0.0390625 0.0328125
2 0.32578125 0.49765625 0.040625 0.0328125
2 0.5125 0.38515625 0.0546875 0.078125
2 0.6390625 0.459375 0.05625 0.0546875
2 0.65078125 0.3953125 0.0515625 0.046875
2 0.8515625 0.4203125 0.0421875 0.0359375
2 0.5046875 0.4953125 0.0421875 0.040625
2 0.3734375 0.48125 0.0546875 0.06875
1 0.1671875 0.553125 0.0203125 0.0234375