1 0.309375 0.4171875 0.0328125 0.03125
2 0.54375 0.353125 0.028125 0.0234375
2 0.52109375 0.46640625 0.04375 0.0515625
2 0.4046875 0.415625 0.0296875 0.025
2 0.31171875 0.446875 0.071875 0.071875
2 0.4703125 0.715625 0.0390625 0.0328125
2 0.6 0.56015625 0.0421875 0.0359375
2 0.39609375 0.59609375 0.0578125 0.0765625
2 0.3078125 0.4875 0.05625 0.05625
2 0.2765625 0.540625 0.0515625 0.046875
2 0.10625 0.44921875 0.040625 0.0359375
2 0.440625 0.5015625 0.04375 0.0421875
2 0.55234375 0.55859375 0.0578125 0.06875
1 0.7609375 0.56484375 0.0203125 0.025