1 0.33828125 0.4921875 0.03125 0.028125
2 0.53828125 0.628125 0.0265625 0.021875
2 0.553125 0.51484375 0.0390625 0.0484375
2 0.42734375 0.52421875 0.028125 0.021875
2 0.35078125 0.465625 0.065625 0.065625
2 0.58671875 0.26328125 0.0375 0.028125
2 0.65859375 0.45234375 0.0390625 0.03125
2 0.478125 0.3515625 0.05 0.0734375
2 0.36015625 0.42578125 0.0515625 0.0515625
2 0.346875 0.36640625 0.046875 0.0421875
2 0.15703125 0.39609375 0.0375 0.0328125
2 0.4890625 0.45546875 0.0390625 0.0375
2 0.6125 0.4390625 0.05 0.0640625
1 0.81015625 0.5 0.0171875 0.0234375