1 0.6984375 0.459375 0.0328125 0.0296875
2 0.47890625 0.33125 0.0265625 0.0203125
2 0.4703125 0.4515625 0.0359375 0.0484375
2 0.60234375 0.43203125 0.028125 0.021875
2 0.68828125 0.48828125 0.0640625 0.0640625
2 0.45390625 0.71796875 0.0375 0.0296875
2 0.365625 0.525 0.0390625 0.0296875
2 0.5625 0.6171875 0.0484375 0.0734375
2 0.68046875 0.53046875 0.0515625 0.05
2 0.6984375 0.59296875 0.0484375 0.0421875
2 0.8953125 0.546875 0.0390625 0.0328125
2 0.54296875 0.50859375 0.0390625 0.0375
2 0.4140625 0.5359375 0.0484375 0.0640625
1 0.2015625 0.48671875 0.0171875 0.021875