1 0.33515625 0.471875 0.034375 0.0328125
2 0.54140625 0.32109375 0.0296875 0.021875
2 0.5609375 0.43984375 0.040625 0.0515625
2 0.428125 0.434375 0.03125 0.0234375
2 0.34921875 0.5 0.0703125 0.0703125
2 0.60546875 0.70390625 0.0390625 0.0328125
2 0.67421875 0.50234375 0.040625 0.0328125
2 0.4875 0.61484375 0.0546875 0.078125
2 0.3609375 0.540625 0.05625 0.0546875
2 0.34921875 0.6046875 0.0515625 0.046875
2 0.1484375 0.5796875 0.0421875 0.0359375
2 0.4953125 0.5046875 0.0421875 0.040625
2 0.6265625 0.51875 0.0546875 0.06875
1 0.8328125 0.446875 0.0203125 0.0234375