1 0.33046875 0.51484375 0.03125 0.0296875
2 0.5359375 0.37890625 0.0265625 0.0203125
2 0.54921875 0.49609375 0.0390625 0.05
2 0.421875 0.48359375 0.028125 0.0203125
2 0.3421875 0.5421875 0.065625 0.0640625
2 0.578125 0.75078125 0.0359375 0.028125
2 0.6546875 0.5609375 0.0390625 0.03125
2 0.46953125 0.659375 0.05 0.071875
2 0.35078125 0.58203125 0.0515625 0.0515625
2 0.33671875 0.64296875 0.0484375 0.040625
2 0.14453125 0.60859375 0.0390625 0.034375
2 0.4828125 0.55390625 0.040625 0.0375
2 0.6078125 0.5734375 0.05 0.0625
1 0.81015625 0.51484375 0.01875 0.0234375