1 0.5078125 0.671875 0.03125 0.0328125
2 0.34765625 0.49609375 0.025 0.028125
2 0.45625 0.46484375 0.05 0.0421875
2 0.46328125 0.58984375 0.025 0.028125
2 0.5328125 0.65625 0.06875 0.071875
2 0.69609375 0.3984375 0.0328125 0.0390625
2 0.50234375 0.3546875 0.0359375 0.0421875
2 0.625 0.5171875 0.075 0.0578125
2 0.56875 0.64140625 0.0546875 0.05625
2 0.62890625 0.64609375 0.046875 0.0515625
2 0.62578125 0.83515625 0.0359375 0.040625
2 0.521875 0.5203125 0.0421875 0.04375
2 0.521875 0.39765625 0.06875 0.05625
1 0.4359375 0.21328125 0.0234375 0.0203125