1 0.4703125 0.67109375 0.0265625 0.0296875
2 0.3734375 0.459375 0.0203125 0.0265625
2 0.484375 0.46328125 0.0453125 0.034375
2 0.45390625 0.58125 0.0203125 0.0265625
2 0.49765625 0.6640625 0.059375 0.0609375
2 0.728125 0.4734375 0.0265625 0.034375
2 0.5609375 0.37421875 0.028125 0.0359375
2 0.6265625 0.56171875 0.06875 0.0453125
2 0.53671875 0.66171875 0.046875 0.0484375
2 0.59140625 0.684375 0.040625 0.046875
2 0.53046875 0.85859375 0.0296875 0.0359375
2 0.5296875 0.534375 0.034375 0.0359375
2 0.56640625 0.4203125 0.059375 0.046875
1 0.54140625 0.221875 0.021875 0.0171875