1 0.503125 0.31640625 0.0265625 0.0296875
2 0.3859375 0.534375 0.01875 0.025
2 0.503125 0.5375 0.046875 0.034375
2 0.4796875 0.4109375 0.01875 0.028125
2 0.53203125 0.32578125 0.059375 0.0609375
2 0.7625 0.54453125 0.0265625 0.034375
2 0.578125 0.6375 0.028125 0.0375
2 0.6609375 0.44296875 0.0703125 0.04375
2 0.57265625 0.33203125 0.046875 0.0484375
2 0.6328125 0.31171875 0.0390625 0.0453125
2 0.58125 0.12265625 0.03125 0.0359375
2 0.55625 0.465625 0.034375 0.0375
2 0.58671875 0.58984375 0.0609375 0.046875
1 0.54609375 0.79765625 0.021875 0.0171875