1 0.48515625 0.33046875 0.0296875 0.03125
2 0.62109375 0.5359375 0.0203125 0.0265625
2 0.50390625 0.54921875 0.05 0.0390625
2 0.51640625 0.421875 0.0203125 0.028125
2 0.4578125 0.3421875 0.0640625 0.065625
2 0.24921875 0.578125 0.028125 0.0359375
2 0.4390625 0.6546875 0.03125 0.0390625
2 0.340625 0.46953125 0.071875 0.05
2 0.41796875 0.35078125 0.0515625 0.0515625
2 0.35703125 0.33671875 0.040625 0.0484375
2 0.39140625 0.14453125 0.034375 0.0390625
2 0.44609375 0.4828125 0.0375 0.040625
2 0.4265625 0.6078125 0.0625 0.05
1 0.48515625 0.81015625 0.0234375 0.01875