1 0.29609375 0.503125 0.034375 0.0328125
2 0.53671875 0.4140625 0.0296875 0.021875
2 0.5234375 0.53515625 0.040625 0.0515625
2 0.39609375 0.4921875 0.03125 0.0234375
2 0.3015625 0.534375 0.0703125 0.0703125
2 0.49296875 0.80234375 0.0390625 0.0328125
2 0.61484375 0.6265625 0.040625 0.0328125
2 0.403125 0.6828125 0.0546875 0.078125
2 0.3015625 0.57734375 0.05625 0.0546875
2 0.27265625 0.63515625 0.0515625 0.046875
2 0.0859375 0.55546875 0.0421875 0.0359375
2 0.44140625 0.57890625 0.0421875 0.040625
2 0.56484375 0.628125 0.0546875 0.06875
1 0.78359375 0.61640625 0.0203125 0.0234375