1 0.496875 0.29609375 0.0328125 0.034375
2 0.5859375 0.53671875 0.021875 0.0296875
2 0.46484375 0.5234375 0.0515625 0.040625
2 0.5078125 0.39609375 0.0234375 0.03125
2 0.465625 0.3015625 0.0703125 0.0703125
2 0.19765625 0.49296875 0.0328125 0.0390625
2 0.3734375 0.61484375 0.0328125 0.040625
2 0.3171875 0.403125 0.078125 0.0546875
2 0.42265625 0.3015625 0.0546875 0.05625
2 0.36484375 0.27265625 0.046875 0.0515625
2 0.44453125 0.0859375 0.0359375 0.0421875
2 0.42109375 0.44140625 0.040625 0.0421875
2 0.371875 0.56484375 0.06875 0.0546875
1 0.38359375 0.78359375 0.0234375 0.0203125