1 0.32890625 0.4703125 0.0296875 0.0265625
2 0.540625 0.3734375 0.0265625 0.0203125
2 0.53671875 0.484375 0.034375 0.0453125
2 0.41875 0.45390625 0.0265625 0.0203125
2 0.3359375 0.49765625 0.0609375 0.059375
2 0.5265625 0.728125 0.034375 0.0265625
2 0.62578125 0.5609375 0.0359375 0.028125
2 0.43828125 0.6265625 0.0453125 0.06875
2 0.33828125 0.53671875 0.0484375 0.046875
2 0.315625 0.59140625 0.046875 0.040625
2 0.14140625 0.53046875 0.0359375 0.0296875
2 0.465625 0.5296875 0.0359375 0.034375
2 0.5796875 0.56640625 0.046875 0.059375
1 0.778125 0.54140625 0.0171875 0.021875