1 0.31640625 0.496875 0.0296875 0.0265625
2 0.534375 0.6140625 0.025 0.01875
2 0.5375 0.496875 0.034375 0.046875
2 0.4109375 0.5203125 0.028125 0.01875
2 0.32578125 0.46796875 0.0609375 0.059375
2 0.54453125 0.2375 0.034375 0.0265625
2 0.6375 0.421875 0.0375 0.028125
2 0.44296875 0.3390625 0.04375 0.0703125
2 0.33203125 0.42734375 0.0484375 0.046875
2 0.31171875 0.3671875 0.0453125 0.0390625
2 0.12265625 0.41875 0.0359375 0.03125
2 0.465625 0.44375 0.0375 0.034375
2 0.58984375 0.41328125 0.046875 0.0609375
1 0.79765625 0.45390625 0.0171875 0.021875