1 0.51484375 0.66953125 0.0296875 0.03125
2 0.37890625 0.4640625 0.0203125 0.0265625
2 0.49609375 0.45078125 0.05 0.0390625
2 0.48359375 0.578125 0.0203125 0.028125
2 0.5421875 0.6578125 0.0640625 0.065625
2 0.75078125 0.421875 0.028125 0.0359375
2 0.5609375 0.3453125 0.03125 0.0390625
2 0.659375 0.53046875 0.071875 0.05
2 0.58203125 0.64921875 0.0515625 0.0515625
2 0.64296875 0.66328125 0.040625 0.0484375
2 0.60859375 0.85546875 0.034375 0.0390625
2 0.55390625 0.5171875 0.0375 0.040625
2 0.5734375 0.3921875 0.0625 0.05
1 0.51484375 0.18984375 0.0234375 0.01875