1 0.3015625 0.540625 0.0328125 0.0296875
2 0.52109375 0.66875 0.0265625 0.0203125
2 0.5296875 0.5484375 0.0359375 0.0484375
2 0.39765625 0.56796875 0.028125 0.021875
2 0.31171875 0.51171875 0.0640625 0.0640625
2 0.54609375 0.28203125 0.0375 0.0296875
2 0.634375 0.475 0.0390625 0.0296875
2 0.4375 0.3828125 0.0484375 0.0734375
2 0.31953125 0.46953125 0.0515625 0.05
2 0.3015625 0.40703125 0.0484375 0.0421875
2 0.1046875 0.453125 0.0390625 0.0328125
2 0.45703125 0.49140625 0.0390625 0.0375
2 0.5859375 0.4640625 0.0484375 0.0640625
1 0.7984375 0.51328125 0.0171875 0.021875