1 0.4921875 0.66171875 0.028125 0.03125
2 0.628125 0.46171875 0.021875 0.0265625
2 0.51484375 0.446875 0.0484375 0.0390625
2 0.52421875 0.57265625 0.021875 0.028125
2 0.465625 0.64921875 0.065625 0.065625
2 0.26328125 0.41328125 0.028125 0.0375
2 0.45234375 0.34140625 0.03125 0.0390625
2 0.3515625 0.521875 0.0734375 0.05
2 0.42578125 0.63984375 0.0515625 0.0515625
2 0.36640625 0.653125 0.0421875 0.046875
2 0.39609375 0.84296875 0.0328125 0.0375
2 0.45546875 0.5109375 0.0375 0.0390625
2 0.4390625 0.3875 0.0640625 0.05
1 0.5 0.18984375 0.0234375 0.0171875