1 0.328125 0.5078125 0.0328125 0.03125
2 0.50390625 0.34765625 0.028125 0.025
2 0.53515625 0.45625 0.0421875 0.05
2 0.41015625 0.46328125 0.028125 0.025
2 0.34375 0.5328125 0.071875 0.06875
2 0.6015625 0.69609375 0.0390625 0.0328125
2 0.6453125 0.50234375 0.0421875 0.0359375
2 0.4828125 0.625 0.0578125 0.075
2 0.35859375 0.56875 0.05625 0.0546875
2 0.35390625 0.62890625 0.0515625 0.046875
2 0.16484375 0.62578125 0.040625 0.0359375
2 0.4796875 0.521875 0.04375 0.0421875
2 0.60234375 0.521875 0.05625 0.06875
1 0.78671875 0.4359375 0.0203125 0.0234375