1 0.66953125 0.44921875 0.025 0.03125
2 0.85546875 0.59609375 0.075 0.0515625
2 0.6078125 0.534375 0.0453125 0.0421875
2 0.6515625 0.57890625 0.0453125 0.034375
2 0.603125 0.68359375 0.05 0.0671875
2 0.4953125 0.53046875 0.0265625 0.0453125
2 0.59140625 0.46875 0.0203125 0.0171875
2 0.47578125 0.7109375 0.03125 0.03125
2 0.36953125 0.5765625 0.0328125 0.025
2 0.4703125 0.48671875 0.04375 0.0296875
2 0.48125 0.6234375 0.053125 0.0609375
2 0.43203125 0.3734375 0.03125 0.021875
1 0.14765625 0.5171875 0.0171875 0.0203125