1 0.33359375 0.44140625 0.0234375 0.0296875
2 0.1390625 0.57890625 0.0734375 0.0484375
2 0.390625 0.53046875 0.04375 0.040625
2 0.34375 0.57265625 0.04375 0.034375
2 0.3875 0.68046875 0.046875 0.065625
2 0.5046875 0.53203125 0.025 0.0453125
2 0.41171875 0.46484375 0.0203125 0.0171875
2 0.5140625 0.7140625 0.03125 0.0296875
2 0.62734375 0.58515625 0.03125 0.0234375
2 0.53125 0.4890625 0.0421875 0.028125
2 0.51328125 0.6265625 0.05 0.059375
2 0.57578125 0.378125 0.0328125 0.0203125
1 0.85390625 0.53671875 0.0171875 0.0203125