1 0.3046875 0.40625 0.03125 0.0359375
2 0.05859375 0.496875 0.0859375 0.0609375
2 0.340625 0.51640625 0.05 0.0484375
2 0.27890625 0.5484375 0.0515625 0.040625
2 0.29296875 0.675 0.059375 0.0765625
2 0.46015625 0.55078125 0.034375 0.053125
2 0.38046875 0.453125 0.025 0.01875
2 0.41953125 0.74765625 0.0359375 0.0359375
2 0.57578125 0.6421875 0.0375 0.03125
2 0.50078125 0.5125 0.0484375 0.0359375
2 0.44296875 0.65390625 0.0625 0.071875
2 0.58046875 0.40703125 0.0359375 0.0265625
1 0.8296875 0.65546875 0.0203125 0.021875