1 0.53203125 0.3234375 0.03125 0.025
2 0.37578125 0.13359375 0.053125 0.0765625
2 0.44453125 0.38828125 0.0453125 0.046875
2 0.39765625 0.34375 0.0375 0.0484375
2 0.290625 0.3953125 0.0703125 0.053125
2 0.45078125 0.50546875 0.05 0.0296875
2 0.51328125 0.4046875 0.01875 0.021875
2 0.2640625 0.52890625 0.034375 0.034375
2 0.40546875 0.63671875 0.0265625 0.034375
2 0.496875 0.53046875 0.03125 0.0453125
2 0.3546875 0.521875 0.0640625 0.05625
2 0.61484375 0.56796875 0.0234375 0.0328125
1 0.47109375 0.86640625 0.0203125 0.01875