1 0.43671875 0.340625 0.028125 0.0234375
2 0.55625 0.1265625 0.046875 0.0734375
2 0.53359375 0.3890625 0.040625 0.04375
2 0.571875 0.3375 0.0328125 0.0453125
2 0.6859375 0.36953125 0.0671875 0.0453125
2 0.54765625 0.5046875 0.046875 0.025
2 0.46875 0.4171875 0.015625 0.0203125
2 0.73515625 0.4953125 0.03125 0.0328125
2 0.615625 0.625 0.0234375 0.03125
2 0.50703125 0.5375 0.0265625 0.04375
2 0.64453125 0.5046875 0.059375 0.0484375
2 0.3984375 0.59453125 0.0203125 0.03125
1 0.590625 0.8609375 0.01875 0.015625