1 0.66796875 0.53984375 0.0265625 0.03125
2 0.84765625 0.38125 0.078125 0.05625
2 0.6015625 0.4578125 0.046875 0.04375
2 0.64375 0.409375 0.046875 0.0375
2 0.58984375 0.30703125 0.053125 0.06875
2 0.4875 0.4671875 0.0296875 0.046875
2 0.5875 0.525 0.0234375 0.01875
2 0.45859375 0.2859375 0.034375 0.0328125
2 0.35859375 0.42734375 0.0328125 0.0265625
2 0.46484375 0.5125 0.04375 0.03125
2 0.46875 0.3734375 0.05625 0.0640625
2 0.43203125 0.62890625 0.034375 0.0234375
1 0.13828125 0.4984375 0.01875 0.021875