1 0.6765625 0.53203125 0.025 0.03125
2 0.86640625 0.37578125 0.0765625 0.053125
2 0.61171875 0.44453125 0.046875 0.0453125
2 0.65625 0.39765625 0.0484375 0.0375
2 0.6046875 0.290625 0.053125 0.0703125
2 0.49453125 0.45078125 0.0296875 0.05
2 0.5953125 0.51328125 0.021875 0.01875
2 0.47109375 0.2640625 0.034375 0.034375
2 0.36328125 0.40546875 0.034375 0.0265625
2 0.46953125 0.496875 0.0453125 0.03125
2 0.478125 0.3546875 0.05625 0.0640625
2 0.43203125 0.61484375 0.0328125 0.0234375
1 0.13359375 0.47109375 0.01875 0.0203125