1 0.46015625 0.66796875 0.03125 0.0265625
2 0.61875 0.84765625 0.05625 0.078125
2 0.5421875 0.6015625 0.04375 0.046875
2 0.590625 0.64375 0.0375 0.046875
2 0.69296875 0.58984375 0.06875 0.053125
2 0.5328125 0.4875 0.046875 0.0296875
2 0.475 0.5875 0.01875 0.0234375
2 0.7140625 0.45859375 0.0328125 0.034375
2 0.57265625 0.35859375 0.0265625 0.0328125
2 0.4875 0.46484375 0.03125 0.04375
2 0.6265625 0.46875 0.0640625 0.05625
2 0.37109375 0.43203125 0.0234375 0.034375
1 0.5015625 0.13828125 0.021875 0.01875