1 0.44921875 0.33046875 0.03125 0.025
2 0.59609375 0.14453125 0.0515625 0.075
2 0.534375 0.3921875 0.0421875 0.0453125
2 0.57890625 0.3484375 0.034375 0.0453125
2 0.68359375 0.396875 0.0671875 0.05
2 0.53046875 0.5046875 0.0453125 0.0265625
2 0.46875 0.40859375 0.0171875 0.0203125
2 0.7109375 0.52421875 0.03125 0.03125
2 0.5765625 0.63046875 0.025 0.0328125
2 0.48671875 0.5296875 0.0296875 0.04375
2 0.6234375 0.51875 0.0609375 0.053125
2 0.3734375 0.56796875 0.021875 0.03125
1 0.5171875 0.85234375 0.0203125 0.0171875