1 0.55078125 0.66953125 0.03125 0.025
2 0.40390625 0.85546875 0.0515625 0.075
2 0.465625 0.6078125 0.0421875 0.0453125
2 0.42109375 0.6515625 0.034375 0.0453125
2 0.31640625 0.603125 0.0671875 0.05
2 0.46953125 0.4953125 0.0453125 0.0265625
2 0.53125 0.59140625 0.0171875 0.0203125
2 0.2890625 0.47578125 0.03125 0.03125
2 0.4234375 0.36953125 0.025 0.0328125
2 0.51328125 0.4703125 0.0296875 0.04375
2 0.3765625 0.48125 0.0609375 0.053125
2 0.6265625 0.43203125 0.021875 0.03125
1 0.4828125 0.14765625 0.0203125 0.0171875