1 0.44140625 0.66640625 0.0296875 0.0234375
2 0.57890625 0.8609375 0.0484375 0.0734375
2 0.53046875 0.609375 0.040625 0.04375
2 0.57265625 0.65625 0.034375 0.04375
2 0.68046875 0.6125 0.065625 0.046875
2 0.53203125 0.4953125 0.0453125 0.025
2 0.46484375 0.58828125 0.0171875 0.0203125
2 0.7140625 0.4859375 0.0296875 0.03125
2 0.58515625 0.37265625 0.0234375 0.03125
2 0.4890625 0.46875 0.028125 0.0421875
2 0.6265625 0.48671875 0.059375 0.05
2 0.378125 0.42421875 0.0203125 0.0328125
1 0.53671875 0.14609375 0.0203125 0.0171875