1 0.340625 0.56328125 0.0234375 0.028125
2 0.1265625 0.44375 0.0734375 0.046875
2 0.3890625 0.46640625 0.04375 0.040625
2 0.3375 0.428125 0.0453125 0.0328125
2 0.36953125 0.3140625 0.0453125 0.0671875
2 0.5046875 0.45234375 0.025 0.046875
2 0.4171875 0.53125 0.0203125 0.015625
2 0.4953125 0.26484375 0.0328125 0.03125
2 0.625 0.384375 0.03125 0.0234375
2 0.5375 0.49296875 0.04375 0.0265625
2 0.5046875 0.35546875 0.0484375 0.059375
2 0.59453125 0.6015625 0.03125 0.0203125
1 0.8609375 0.409375 0.015625 0.01875