1 0.33203125 0.46015625 0.0265625 0.03125
2 0.15234375 0.61875 0.078125 0.05625
2 0.3984375 0.5421875 0.046875 0.04375
2 0.35625 0.590625 0.046875 0.0375
2 0.41015625 0.69296875 0.053125 0.06875
2 0.5125 0.5328125 0.0296875 0.046875
2 0.4125 0.475 0.0234375 0.01875
2 0.54140625 0.7140625 0.034375 0.0328125
2 0.64140625 0.57265625 0.0328125 0.0265625
2 0.53515625 0.4875 0.04375 0.03125
2 0.53125 0.6265625 0.05625 0.0640625
2 0.56796875 0.37109375 0.034375 0.0234375
1 0.86171875 0.5015625 0.01875 0.021875