1 0.46796875 0.6765625 0.03125 0.025
2 0.62421875 0.86640625 0.053125 0.0765625
2 0.55546875 0.61171875 0.0453125 0.046875
2 0.60234375 0.65625 0.0375 0.0484375
2 0.709375 0.6046875 0.0703125 0.053125
2 0.54921875 0.49453125 0.05 0.0296875
2 0.48671875 0.5953125 0.01875 0.021875
2 0.7359375 0.47109375 0.034375 0.034375
2 0.59453125 0.36328125 0.0265625 0.034375
2 0.503125 0.46953125 0.03125 0.0453125
2 0.6453125 0.478125 0.0640625 0.05625
2 0.38515625 0.43203125 0.0234375 0.0328125
1 0.52890625 0.13359375 0.0203125 0.01875