1 0.55859375 0.33359375 0.0296875 0.0234375
2 0.42109375 0.1390625 0.0484375 0.0734375
2 0.46953125 0.390625 0.040625 0.04375
2 0.42734375 0.34375 0.034375 0.04375
2 0.31953125 0.3875 0.065625 0.046875
2 0.46796875 0.5046875 0.0453125 0.025
2 0.53515625 0.41171875 0.0171875 0.0203125
2 0.2859375 0.5140625 0.0296875 0.03125
2 0.41484375 0.62734375 0.0234375 0.03125
2 0.5109375 0.53125 0.028125 0.0421875
2 0.3734375 0.51328125 0.059375 0.05
2 0.621875 0.57578125 0.0203125 0.0328125
1 0.46328125 0.85390625 0.0203125 0.0171875