1 0.2703125 0.55703125 0.0265625 0.0328125
2 0.0390625 0.42734375 0.078125 0.0515625
2 0.32421875 0.453125 0.046875 0.04375
2 0.2671875 0.4109375 0.0484375 0.0359375
2 0.3015625 0.2875 0.05 0.071875
2 0.4484375 0.4375 0.0265625 0.0515625
2 0.35390625 0.52265625 0.021875 0.015625
2 0.4390625 0.234375 0.034375 0.0328125
2 0.57890625 0.3640625 0.034375 0.0265625
2 0.48359375 0.48125 0.046875 0.0296875
2 0.44765625 0.33125 0.053125 0.0640625
2 0.5453125 0.59921875 0.034375 0.021875
1 0.834375 0.390625 0.0171875 0.01875