1 0.36953125 0.5734375 0.0296875 0.0359375
2 0.12109375 0.49609375 0.0859375 0.0640625
2 0.3984375 0.4625 0.0515625 0.05
2 0.3359375 0.434375 0.053125 0.04375
2 0.34375 0.309375 0.0625 0.078125
2 0.51484375 0.4234375 0.0359375 0.053125
2 0.44140625 0.5234375 0.025 0.0203125
2 0.46328125 0.23125 0.0375 0.0375
2 0.62421875 0.3265625 0.0359375 0.03125
2 0.55703125 0.4578125 0.05 0.0375
2 0.4921875 0.32265625 0.0625 0.071875
2 0.63984375 0.5578125 0.0359375 0.0265625
1 0.8734375 0.3 0.021875 0.021875