1 0.59375 0.3046875 0.0359375 0.03125
2 0.503125 0.05859375 0.0609375 0.0859375
2 0.48359375 0.340625 0.0484375 0.05
2 0.4515625 0.27890625 0.040625 0.0515625
2 0.325 0.29296875 0.0765625 0.059375
2 0.44921875 0.46015625 0.053125 0.034375
2 0.546875 0.38046875 0.01875 0.025
2 0.25234375 0.41953125 0.0359375 0.0359375
2 0.3578125 0.57578125 0.03125 0.0375
2 0.4875 0.50078125 0.0359375 0.0484375
2 0.34609375 0.44296875 0.071875 0.0625
2 0.59296875 0.58046875 0.0265625 0.0359375
1 0.34453125 0.8296875 0.021875 0.0203125