1 0.44296875 0.6640625 0.0296875 0.025
2 0.58828125 0.8625 0.05 0.075
2 0.53359375 0.6046875 0.0421875 0.0453125
2 0.57734375 0.6515625 0.034375 0.046875
2 0.6875 0.60625 0.06875 0.05
2 0.53359375 0.4875 0.046875 0.0265625
2 0.465625 0.584375 0.0171875 0.021875
2 0.71953125 0.47421875 0.0328125 0.034375
2 0.58515625 0.3609375 0.025 0.0328125
2 0.4890625 0.4609375 0.028125 0.04375
2 0.6296875 0.4765625 0.0609375 0.0515625
2 0.3734375 0.41796875 0.021875 0.0328125
1 0.5328125 0.1296875 0.0203125 0.0171875