1 0.5734375 0.63046875 0.0359375 0.0296875
2 0.49609375 0.87890625 0.0640625 0.0859375
2 0.4625 0.6015625 0.05 0.0515625
2 0.434375 0.6640625 0.04375 0.053125
2 0.309375 0.65625 0.078125 0.0625
2 0.4234375 0.48515625 0.053125 0.0359375
2 0.5234375 0.55859375 0.0203125 0.025
2 0.23125 0.53671875 0.0375 0.0375
2 0.3265625 0.37578125 0.03125 0.0359375
2 0.4578125 0.44296875 0.0375 0.05
2 0.32265625 0.5078125 0.071875 0.0625
2 0.5578125 0.36015625 0.0265625 0.0359375
1 0.3 0.1265625 0.021875 0.021875