1 0.55703125 0.3359375 0.0296875 0.025
2 0.41171875 0.1375 0.05 0.075
2 0.46640625 0.3953125 0.0421875 0.0453125
2 0.42265625 0.3484375 0.034375 0.046875
2 0.3125 0.39375 0.06875 0.05
2 0.46640625 0.5125 0.046875 0.0265625
2 0.534375 0.415625 0.0171875 0.021875
2 0.28046875 0.52578125 0.0328125 0.034375
2 0.41484375 0.6390625 0.025 0.0328125
2 0.5109375 0.5390625 0.028125 0.04375
2 0.3703125 0.5234375 0.0609375 0.0515625
2 0.6265625 0.58203125 0.021875 0.0328125
1 0.4671875 0.8703125 0.0203125 0.0171875