2 0.32373046875 0.5243055555555556 0.0419921875 0.03211805555555555
2 0.23046875 0.546875 0.03271484375 0.050347222222222224
1 0.24560546875 0.4288194444444444 0.0263671875 0.030381944444444444
2 0.03515625 0.6848958333333334 0.0703125 0.06770833333333333
2 0.2822265625 0.6571180555555556 0.03955078125 0.0798611111111111
2 0.35986328125 0.6579861111111112 0.05322265625 0.06944444444444445
2 0.42236328125 0.6631944444444444 0.03564453125 0.026909722222222224
2 0.46923828125 0.3967013888888889 0.03466796875 0.019097222222222224
2 0.3857421875 0.5164930555555556 0.0517578125 0.020833333333333332
2 0.37744140625 0.4913194444444444 0.025390625 0.020833333333333332
2 0.42822265625 0.5078125 0.01806640625 0.035590277777777776
2 0.5068359375 0.5798611111111112 0.0244140625 0.019097222222222224