2 0.486328125 0.18663194444444445 0.01806640625 0.07465277777777778
2 0.4736328125 0.024739583333333332 0.0283203125 0.049479166666666664
1 0.5400390625 0.04774305555555555 0.01708984375 0.046875
2 0.41162109375 0.11284722222222222 0.044921875 0.0703125
2 0.4111328125 0.2508680555555556 0.0390625 0.09461805555555555
2 0.408203125 0.3619791666666667 0.01513671875 0.06336805555555555
2 0.55810546875 0.4453125 0.0107421875 0.06163194444444445
2 0.49072265625 0.296875 0.01171875 0.0920138888888889
2 0.5048828125 0.2821180555555556 0.01171875 0.04513888888888889
2 0.49560546875 0.3723958333333333 0.02001953125 0.03211805555555555
2 0.455078125 0.5121527777777778 0.0107421875 0.043402777777777776