1 0.3328125 0.52265625 0.0296875 0.0296875
2 0.0421875 0.22578125 0.040625 0.0859375
2 0.4671875 0.4484375 0.04375 0.0265625
2 0.509375 0.4671875 0.015625 0.0484375
2 0.56875 0.35 0.03125 0.0390625
2 0.440625 0.23984375 0.0296875 0.0328125
2 0.421875 0.41484375 0.0390625 0.0421875
2 0.2390625 0.39609375 0.0390625 0.0359375
2 0.25390625 0.27421875 0.0390625 0.0703125
2 0.55703125 0.5671875 0.028125 0.0234375
2 0.3890625 0.50859375 0.0171875 0.0234375
1 0.84765625 0.35703125 0.0171875 0.025
2 0.35546875 0.2390625 0.05625 0.0734375