1 0.3546875 0.57890625 0.0328125 0.034375
2 0.01640625 0.3125 0.0328125 0.09375
2 0.48359375 0.48203125 0.046875 0.0328125
2 0.53125 0.49609375 0.0203125 0.0515625
2 0.57421875 0.36484375 0.0359375 0.04375
2 0.425 0.26875 0.0328125 0.034375
2 0.43125 0.4546875 0.0453125 0.046875
2 0.23828125 0.46171875 0.0421875 0.040625
2 0.2359375 0.33125 0.0453125 0.075
2 0.59453125 0.59296875 0.0328125 0.0265625
2 0.41015625 0.55625 0.0203125 0.0265625
1 0.86640625 0.33203125 0.01875 0.0265625
2 0.33671875 0.28046875 0.0640625 0.08125