1 0.46640625 0.67734375 0.034375 0.0328125
2 0.81328125 0.925 0.09375 0.053125
2 0.5203125 0.5296875 0.034375 0.0484375
2 0.49375 0.4890625 0.0515625 0.025
2 0.603125 0.4109375 0.0453125 0.0390625
2 0.73515625 0.5234375 0.0359375 0.0328125
2 0.5609375 0.5703125 0.046875 0.046875
2 0.60859375 0.75234375 0.04375 0.04375
2 0.73125 0.71796875 0.078125 0.05
2 0.384375 0.45703125 0.028125 0.034375
2 0.47109375 0.61953125 0.028125 0.021875
1 0.55078125 0.12890625 0.028125 0.0203125
2 0.75 0.61015625 0.08125 0.0671875