1 0.5453125 0.6609375 0.03125 0.03125
2 0.29453125 0.975 0.0859375 0.04375
2 0.4578125 0.540625 0.028125 0.0421875
2 0.471875 0.496875 0.0484375 0.01875
2 0.3515625 0.45390625 0.0390625 0.03125
2 0.2609375 0.590625 0.03125 0.03125
2 0.43125 0.5875 0.0421875 0.040625
2 0.43515625 0.765625 0.0375 0.0390625
2 0.315625 0.76640625 0.0703125 0.040625
2 0.56171875 0.43984375 0.025 0.0296875
2 0.525 0.609375 0.0234375 0.0171875
1 0.32578125 0.1859375 0.025 0.015625
2 0.2703125 0.67265625 0.0734375 0.0578125