1 0.3390625 0.5453125 0.03125 0.03125
2 0.025 0.29453125 0.04375 0.0859375
2 0.459375 0.4578125 0.0421875 0.028125
2 0.503125 0.471875 0.01875 0.0484375
2 0.54609375 0.3515625 0.03125 0.0390625
2 0.409375 0.2609375 0.03125 0.03125
2 0.4125 0.43125 0.040625 0.0421875
2 0.234375 0.43515625 0.0390625 0.0375
2 0.23359375 0.315625 0.040625 0.0703125
2 0.56015625 0.56171875 0.0296875 0.025
2 0.390625 0.525 0.0171875 0.0234375
1 0.8140625 0.32578125 0.015625 0.025
2 0.32734375 0.2703125 0.0578125 0.0734375