1 0.53984375 0.65625 0.0328125 0.03125
2 0.209375 0.91796875 0.0921875 0.05
2 0.47890625 0.51171875 0.0328125 0.046875
2 0.50234375 0.47109375 0.0515625 0.021875
2 0.390625 0.39921875 0.04375 0.0359375
2 0.265625 0.5171875 0.034375 0.0328125
2 0.440625 0.55390625 0.0453125 0.0421875
2 0.403125 0.7375 0.040625 0.0421875
2 0.2796875 0.70859375 0.075 0.046875
2 0.60859375 0.434375 0.025 0.03125
2 0.53203125 0.5984375 0.025 0.0203125
1 0.42734375 0.11796875 0.0265625 0.01875
2 0.25625 0.603125 0.078125 0.0625