1 0.6453125 0.44765625 0.0328125 0.034375
2 0.984375 0.6796875 0.03125 0.090625
2 0.52734375 0.54921875 0.046875 0.0328125
2 0.48125 0.5390625 0.0234375 0.05
2 0.44765625 0.66796875 0.0359375 0.04375
2 0.59765625 0.74921875 0.0328125 0.0359375
2 0.5796875 0.57265625 0.04375 0.046875
2 0.7640625 0.55234375 0.04375 0.0421875
2 0.77578125 0.6765625 0.0484375 0.075
2 0.4140625 0.45 0.03125 0.0265625
2 0.59375 0.47265625 0.01875 0.0265625
1 0.17109375 0.71796875 0.0203125 0.0265625
2 0.6828125 0.73203125 0.0640625 0.0796875