1 0.32265625 0.46640625 0.0328125 0.034375
2 0.075 0.81328125 0.053125 0.09375
2 0.4703125 0.5203125 0.0484375 0.034375
2 0.5109375 0.49375 0.025 0.0515625
2 0.5890625 0.603125 0.0390625 0.0453125
2 0.4765625 0.73515625 0.0328125 0.0359375
2 0.4296875 0.5609375 0.046875 0.046875
2 0.24765625 0.60859375 0.04375 0.04375
2 0.28203125 0.73125 0.05 0.078125
2 0.54296875 0.384375 0.034375 0.028125
2 0.38046875 0.47109375 0.021875 0.028125
1 0.87109375 0.55078125 0.0203125 0.028125
2 0.38984375 0.75 0.0671875 0.08125