1 0.6609375 0.4546875 0.03125 0.03125
2 0.975 0.70546875 0.04375 0.0859375
2 0.540625 0.5421875 0.0421875 0.028125
2 0.496875 0.528125 0.01875 0.0484375
2 0.45390625 0.6484375 0.03125 0.0390625
2 0.590625 0.7390625 0.03125 0.03125
2 0.5875 0.56875 0.040625 0.0421875
2 0.765625 0.56484375 0.0390625 0.0375
2 0.76640625 0.684375 0.040625 0.0703125
2 0.43984375 0.43828125 0.0296875 0.025
2 0.609375 0.475 0.0171875 0.0234375
1 0.1859375 0.67421875 0.015625 0.025
2 0.67265625 0.7296875 0.0578125 0.0734375