1 0.57890625 0.6453125 0.034375 0.0328125
2 0.3125 0.98359375 0.09375 0.0328125
2 0.48203125 0.51640625 0.0328125 0.046875
2 0.49609375 0.46875 0.0515625 0.0203125
2 0.36484375 0.42578125 0.04375 0.0359375
2 0.26875 0.575 0.034375 0.0328125
2 0.4546875 0.56875 0.046875 0.0453125
2 0.46171875 0.76171875 0.040625 0.0421875
2 0.33125 0.7640625 0.075 0.0453125
2 0.59296875 0.40546875 0.0265625 0.0328125
2 0.55625 0.58984375 0.0265625 0.0203125
1 0.33203125 0.13359375 0.0265625 0.01875
2 0.28046875 0.66328125 0.08125 0.0640625