1 0.55234375 0.6453125 0.034375 0.0328125
2 0.3203125 0.984375 0.090625 0.03125
2 0.45078125 0.52734375 0.0328125 0.046875
2 0.4609375 0.48125 0.05 0.0234375
2 0.33203125 0.44765625 0.04375 0.0359375
2 0.25078125 0.59765625 0.0359375 0.0328125
2 0.42734375 0.5796875 0.046875 0.04375
2 0.44765625 0.7640625 0.0421875 0.04375
2 0.3234375 0.77578125 0.075 0.0484375
2 0.55 0.4140625 0.0265625 0.03125
2 0.52734375 0.59375 0.0265625 0.01875
1 0.28203125 0.17109375 0.0265625 0.0203125
2 0.26796875 0.6828125 0.0796875 0.0640625