1 0.46015625 0.34375 0.0328125 0.03125
2 0.790625 0.08203125 0.0921875 0.05
2 0.52109375 0.48828125 0.0328125 0.046875
2 0.49765625 0.52890625 0.0515625 0.021875
2 0.609375 0.60078125 0.04375 0.0359375
2 0.734375 0.4828125 0.034375 0.0328125
2 0.559375 0.44609375 0.0453125 0.0421875
2 0.596875 0.2625 0.040625 0.0421875
2 0.7203125 0.29140625 0.075 0.046875
2 0.39140625 0.565625 0.025 0.03125
2 0.46796875 0.4015625 0.025 0.0203125
1 0.57265625 0.88203125 0.0265625 0.01875
2 0.74375 0.396875 0.078125 0.0625