1 0.52890625 0.665625 0.0296875 0.0296875
2 0.2421875 0.946875 0.084375 0.0390625
2 0.45703125 0.53515625 0.0265625 0.0421875
2 0.475 0.49453125 0.046875 0.015625
2 0.3625 0.4375 0.0390625 0.0296875
2 0.25546875 0.56171875 0.03125 0.0296875
2 0.425 0.5796875 0.040625 0.0390625
2 0.40703125 0.75625 0.0359375 0.0375
2 0.28828125 0.7421875 0.06875 0.0359375
2 0.571875 0.4484375 0.0234375 0.028125
2 0.515625 0.61171875 0.021875 0.015625
1 0.36953125 0.1671875 0.0234375 0.015625
2 0.2546875 0.64375 0.0703125 0.0546875