1 0.6453125 0.42109375 0.0328125 0.034375
2 0.98359375 0.6875 0.0328125 0.09375
2 0.51640625 0.51796875 0.046875 0.0328125
2 0.46875 0.50390625 0.0203125 0.0515625
2 0.42578125 0.63515625 0.0359375 0.04375
2 0.575 0.73125 0.0328125 0.034375
2 0.56875 0.5453125 0.0453125 0.046875
2 0.76171875 0.53828125 0.0421875 0.040625
2 0.7640625 0.66875 0.0453125 0.075
2 0.40546875 0.40703125 0.0328125 0.0265625
2 0.58984375 0.44375 0.0203125 0.0265625
1 0.13359375 0.66796875 0.01875 0.0265625
2 0.66328125 0.71953125 0.0640625 0.08125