2 0.1904296875 0.4244791666666667 0.07421875 0.06770833333333333
2 0.5576171875 0.3802083333333333 0.060546875 0.0720486111111111
2 0.89892578125 0.3307291666666667 0.04736328125 0.044270833333333336
1 0.37451171875 0.703125 0.04638671875 0.041666666666666664
1 0.673828125 0.5763888888888888 0.044921875 0.041666666666666664
1 0.77099609375 0.5668402777777778 0.025390625 0.044270833333333336
1 0.8515625 0.6050347222222222 0.041015625 0.058159722222222224
1 0.599609375 0.4105902777777778 0.02685546875 0.03993055555555555
1 0.4892578125 0.4973958333333333 0.03564453125 0.03211805555555555
2 0.4609375 0.390625 0.04296875 0.052083333333333336
2 0.419921875 0.4644097222222222 0.04736328125 0.033854166666666664
1 0.4853515625 0.5868055555555556 0.03271484375 0.044270833333333336
1 0.51416015625 0.6953125 0.04296875 0.050347222222222224
1 0.4765625 0.7118055555555556 0.03955078125 0.04774305555555555