2 0.8095703125 0.5755208333333334 0.07421875 0.06770833333333333
2 0.4423828125 0.6197916666666666 0.060546875 0.0720486111111111
2 0.10107421875 0.6692708333333334 0.04736328125 0.044270833333333336
1 0.62548828125 0.296875 0.04638671875 0.041666666666666664
1 0.326171875 0.4236111111111111 0.044921875 0.041666666666666664
1 0.22900390625 0.4331597222222222 0.025390625 0.044270833333333336
1 0.1484375 0.3949652777777778 0.041015625 0.058159722222222224
1 0.400390625 0.5894097222222222 0.02685546875 0.03993055555555555
1 0.5107421875 0.5026041666666666 0.03564453125 0.03211805555555555
2 0.5390625 0.609375 0.04296875 0.052083333333333336
2 0.580078125 0.5355902777777778 0.04736328125 0.033854166666666664
1 0.5146484375 0.4131944444444444 0.03271484375 0.044270833333333336
1 0.48583984375 0.3046875 0.04296875 0.050347222222222224
1 0.5234375 0.2881944444444444 0.03955078125 0.04774305555555555