2 0.4326171875 0.3975694444444444 0.04052734375 0.1076388888888889
1 0.6142578125 0.7230902777777778 0.0234375 0.08246527777777778
1 0.54296875 0.1909722222222222 0.0234375 0.0798611111111111
1 0.537353515625 0.020399305555555556 0.02490234375 0.04079861111111111
1 0.44970703125 0.3229166666666667 0.0224609375 0.04774305555555555
1 0.49853515625 0.5190972222222222 0.01806640625 0.06336805555555555
2 0.4384765625 0.5694444444444444 0.029296875 0.0763888888888889
2 0.47998046875 0.6423611111111112 0.01904296875 0.0842013888888889
1 0.548828125 0.5260416666666666 0.02490234375 0.058159722222222224
1 0.60986328125 0.4748263888888889 0.0283203125 0.0763888888888889
1 0.619140625 0.5416666666666666 0.02685546875 0.0703125