2 0.69873046875 0.578125 0.07421875 0.06336805555555555
2 0.37890625 0.5859375 0.046875 0.0842013888888889
2 0.44873046875 0.5460069444444444 0.04345703125 0.057291666666666664
2 0.474609375 0.5199652777777778 0.025390625 0.058159722222222224
2 0.44140625 0.4921875 0.03662109375 0.05642361111111111
1 0.4169921875 0.4704861111111111 0.03662109375 0.03732638888888889
1 0.3056640625 0.5425347222222222 0.02587890625 0.05555555555555555
1 0.1708984375 0.3602430555555556 0.0537109375 0.0625
1 0.0908203125 0.3793402777777778 0.0400390625 0.04861111111111111
1 0.3427734375 0.3741319444444444 0.03662109375 0.06510416666666667
1 0.35986328125 0.2552083333333333 0.029296875 0.0703125
1 0.3916015625 0.2387152777777778 0.02099609375 0.06597222222222222
1 0.48681640625 0.2934027777777778 0.046875 0.0642361111111111
1 0.0126953125 0.3255208333333333 0.02490234375 0.0642361111111111