2 0.5439453125 0.1467013888888889 0.03564453125 0.13194444444444445
2 0.54833984375 0.7152777777777778 0.04736328125 0.08333333333333333
2 0.52587890625 0.5911458333333334 0.0322265625 0.07725694444444445
2 0.51123046875 0.5451388888888888 0.03271484375 0.04513888888888889
2 0.49560546875 0.6041666666666666 0.03173828125 0.06510416666666667
1 0.4833984375 0.6475694444444444 0.02099609375 0.06510416666666667
1 0.52392578125 0.8454861111111112 0.03125 0.04600694444444445
1 0.42919921875 0.7795138888888888 0.03662109375 0.06510416666666667
1 0.3623046875 0.7491319444444444 0.03955078125 0.052083333333333336
1 0.35302734375 0.6927083333333334 0.037109375 0.03732638888888889
1 0.3837890625 0.5234375 0.0361328125 0.08333333333333333