2 0.30126953125 0.421875 0.07421875 0.06336805555555555
2 0.62109375 0.4140625 0.046875 0.0842013888888889
2 0.55126953125 0.4539930555555556 0.04345703125 0.057291666666666664
2 0.525390625 0.4800347222222222 0.025390625 0.058159722222222224
2 0.55859375 0.5078125 0.03662109375 0.05642361111111111
1 0.5830078125 0.5295138888888888 0.03662109375 0.03732638888888889
1 0.6943359375 0.4574652777777778 0.02587890625 0.05555555555555555
1 0.8291015625 0.6397569444444444 0.0537109375 0.0625
1 0.9091796875 0.6206597222222222 0.0400390625 0.04861111111111111
1 0.6572265625 0.6258680555555556 0.03662109375 0.06510416666666667
1 0.64013671875 0.7447916666666666 0.029296875 0.0703125
1 0.6083984375 0.7612847222222222 0.02099609375 0.06597222222222222
1 0.51318359375 0.7065972222222222 0.046875 0.0642361111111111
1 0.9873046875 0.6744791666666666 0.02490234375 0.0642361111111111