2 0.72216796875 0.5677083333333334 0.0634765625 0.0703125
2 0.3671875 0.6171875 0.0517578125 0.0859375
1 0.3525390625 0.5 0.0322265625 0.04774305555555555
2 0.3466796875 0.5381944444444444 0.04150390625 0.041666666666666664
2 0.39794921875 0.5321180555555556 0.0458984375 0.06684027777777778
1 0.37646484375 0.3628472222222222 0.02880859375 0.050347222222222224
1 0.369140625 0.3072916666666667 0.03515625 0.0703125
1 0.28076171875 0.2586805555555556 0.04541015625 0.052083333333333336
1 0.34033203125 0.2612847222222222 0.0390625 0.0642361111111111
1 0.15576171875 0.4114583333333333 0.03369140625 0.05295138888888889
1 0.0458984375 0.4175347222222222 0.048828125 0.05295138888888889