2 0.27783203125 0.4322916666666667 0.0634765625 0.0703125
2 0.6328125 0.3828125 0.0517578125 0.0859375
1 0.6474609375 0.5 0.0322265625 0.04774305555555555
2 0.6533203125 0.4618055555555556 0.04150390625 0.041666666666666664
2 0.60205078125 0.4678819444444444 0.0458984375 0.06684027777777778
1 0.62353515625 0.6371527777777778 0.02880859375 0.050347222222222224
1 0.630859375 0.6927083333333334 0.03515625 0.0703125
1 0.71923828125 0.7413194444444444 0.04541015625 0.052083333333333336
1 0.65966796875 0.7387152777777778 0.0390625 0.0642361111111111
1 0.84423828125 0.5885416666666666 0.03369140625 0.05295138888888889
1 0.9541015625 0.5824652777777778 0.048828125 0.05295138888888889