1 0.425537109375 0.08599221789883268 0.01513671875 0.0669260700389105
1 0.454833984375 0.08754863813229571 0.0283203125 0.05291828793774319
1 0.478759765625 0.10155642023346304 0.03369140625 0.054474708171206226
2 0.427001953125 0.2571984435797665 0.029296875 0.06459143968871596
1 0.442138671875 0.2680933852140078 0.01904296875 0.0357976653696498
1 0.402587890625 0.635408560311284 0.02783203125 0.06614785992217899
1 0.435791015625 0.6315175097276264 0.0205078125 0.06147859922178988
2 0.392822265625 0.8509727626459144 0.04150390625 0.10350194552529182
2 0.327392578125 0.9140077821011673 0.02197265625 0.09260700389105059
1 0.281005859375 0.7428015564202335 0.0107421875 0.029571984435797664
1 0.194580078125 0.45408560311284046 0.0078125 0.029571984435797664