1 0.574462890625 0.9140077821011673 0.01513671875 0.0669260700389105
1 0.545166015625 0.9124513618677043 0.0283203125 0.05291828793774319
1 0.521240234375 0.898443579766537 0.03369140625 0.054474708171206226
2 0.572998046875 0.7428015564202335 0.029296875 0.06459143968871596
1 0.557861328125 0.7319066147859922 0.01904296875 0.0357976653696498
1 0.597412109375 0.36459143968871593 0.02783203125 0.06614785992217899
1 0.564208984375 0.36848249027237356 0.0205078125 0.06147859922178988
2 0.607177734375 0.1490272373540856 0.04150390625 0.10350194552529182
2 0.672607421875 0.08599221789883268 0.02197265625 0.09260700389105059
1 0.718994140625 0.2571984435797665 0.0107421875 0.029571984435797664
1 0.805419921875 0.5459143968871595 0.0078125 0.029571984435797664