2 0.84033203125 0.23657587548638132 0.041015625 0.03346303501945525
1 0.87548828125 0.2529182879377432 0.021484375 0.03813229571984436
1 0.89892578125 0.25603112840466924 0.0185546875 0.04202334630350195
1 0.8251953125 0.2840466926070039 0.0224609375 0.026459143968871595
1 0.8515625 0.30038910505836575 0.02197265625 0.04202334630350195
1 0.759765625 0.38132295719844356 0.0419921875 0.024124513618677044
1 0.7587890625 0.4280155642023346 0.033203125 0.045136186770428015
1 0.75 0.466147859922179 0.0341796875 0.053696498054474705
2 0.65234375 0.38365758754863816 0.04052734375 0.04669260700389105
1 0.6455078125 0.40778210116731517 0.0224609375 0.030350194552529183
1 0.4150390625 0.34474708171206225 0.04150390625 0.0443579766536965
1 0.41748046875 0.3976653696498054 0.03857421875 0.03268482490272374
2 0.27978515625 0.3291828793774319 0.06494140625 0.06614785992217899
2 0.240234375 0.22490272373540857 0.05810546875 0.03501945525291829
1 0.34765625 0.1509727626459144 0.0185546875 0.017120622568093387
1 0.52880859375 0.013229571984435798 0.0185546875 0.012451361867704281