2 0.70166015625 0.4800347222222222 0.0087890625 0.0625
1 0.69091796875 0.5208333333333334 0.0087890625 0.035590277777777776
2 0.5517578125 0.3697916666666667 0.02978515625 0.0842013888888889
2 0.396484375 0.4027777777777778 0.0380859375 0.10243055555555555
1 0.31884765625 0.6102430555555556 0.0439453125 0.06336805555555555
2 0.3212890625 0.6649305555555556 0.0390625 0.0625
1 0.314453125 0.8897569444444444 0.01708984375 0.05381944444444445
1 0.4794921875 0.6814236111111112 0.0283203125 0.051215277777777776
1 0.3671875 0.1076388888888889 0.0302734375 0.07899305555555555
2 0.3271484375 0.1875 0.044921875 0.1032986111111111
1 0.310546875 0.3038194444444444 0.0498046875 0.07552083333333333