2 0.51123046875 0.8585069444444444 0.03515625 0.015625
1 0.48828125 0.8394097222222222 0.02001953125 0.015625
2 0.5732421875 0.5920138888888888 0.04736328125 0.05295138888888889
2 0.5546875 0.3159722222222222 0.0576171875 0.06770833333333333
1 0.43798828125 0.1779513888888889 0.03564453125 0.078125
2 0.4072265625 0.18229166666666666 0.03515625 0.06944444444444445
1 0.28076171875 0.1701388888888889 0.0302734375 0.030381944444444444
1 0.39794921875 0.4635416666666667 0.02880859375 0.050347222222222224
1 0.720703125 0.2638888888888889 0.04443359375 0.05381944444444445
2 0.67578125 0.19270833333333334 0.05810546875 0.0798611111111111
1 0.6103515625 0.16319444444444445 0.04248046875 0.08854166666666667