2 0.48876953125 0.14149305555555555 0.03515625 0.015625
1 0.51171875 0.1605902777777778 0.02001953125 0.015625
2 0.4267578125 0.4079861111111111 0.04736328125 0.05295138888888889
2 0.4453125 0.6840277777777778 0.0576171875 0.06770833333333333
1 0.56201171875 0.8220486111111112 0.03564453125 0.078125
2 0.5927734375 0.8177083333333334 0.03515625 0.06944444444444445
1 0.71923828125 0.8298611111111112 0.0302734375 0.030381944444444444
1 0.60205078125 0.5364583333333334 0.02880859375 0.050347222222222224
1 0.279296875 0.7361111111111112 0.04443359375 0.05381944444444445
2 0.32421875 0.8072916666666666 0.05810546875 0.0798611111111111
1 0.3896484375 0.8368055555555556 0.04248046875 0.08854166666666667