2 0.1861796875 0.4111111111111111 0.053054687499999996 0.05555555555555555
2 0.2064921875 0.4534722222222222 0.046796875 0.0763888888888889
2 0.42639062499999997 0.4479166666666667 0.04440625 0.06805555555555555
2 0.44514062499999996 0.47430555555555554 0.0350234375 0.08194444444444444
2 0.5216875 0.46041666666666664 0.0318828125 0.0763888888888889
2 0.53340625 0.5180555555555556 0.0553125 0.08055555555555556
2 0.4830234375 0.6597222222222222 0.032671875 0.1111111111111111
2 0.8642265625000001 0.39166666666666666 0.051328125 0.08055555555555556
2 0.8743828125 0.47152777777777777 0.059140625 0.05138888888888889
2 0.93296875 0.4479166666666667 0.05600000000000001 0.05416666666666667
2 0.9716250000000001 0.49375 0.05675 0.05138888888888889
2 0.6306640625 0.5569444444444445 0.027953125000000002 0.11388888888888889
2 0.550984375 0.5951388888888889 0.02953125 0.0625
2 0.6759765625 0.4618055555555556 0.073609375 0.05416666666666667
2 0.14165624999999998 0.6298611111111111 0.035875000000000004 0.06805555555555555
2 0.5002109375 0.4305555555555556 0.020171875 0.027777777777777776
2 0.3650703125 0.4701388888888889 0.031140624999999998 0.04027777777777778
2 0.81384375 0.45902777777777776 0.07242968749999999 0.07083333333333333
2 0.3303046875 0.37569444444444444 0.0256796875 0.02361111111111111
2 0.3236640625 0.32708333333333334 0.0233359375 0.02638888888888889
2 0.009648437499999999 0.4736111111111111 0.017210937500000002 0.041666666666666664
2 0.262734375 0.60625 0.07490625 0.043055555555555555
2 0.6369140625 0.49722222222222223 0.028296875 0.05277777777777778