2 0.473828125 0.9895833333333334 0.04296875 0.020833333333333332
2 0.470703125 0.6305555555555555 0.03828125 0.07916666666666666
2 0.485546875 0.5972222222222222 0.04609375 0.0625
2 0.477734375 0.46111111111111114 0.04296875 0.05694444444444444
2 0.51015625 0.44027777777777777 0.0453125 0.09861111111111111
2 0.58984375 0.5298611111111111 0.0625 0.058333333333333334
2 0.53203125 0.26805555555555555 0.0640625 0.05
2 0.553515625 0.40902777777777777 0.03515625 0.05277777777777778
2 0.478515625 0.1875 0.03046875 0.13055555555555556
2 0.4609375 0.49930555555555556 0.015625 0.03611111111111111
2 0.483203125 0.7395833333333334 0.02265625 0.05555555555555555
2 0.430078125 0.8013888888888889 0.01328125 0.04583333333333333
2 0.402734375 0.8131944444444444 0.01484375 0.041666666666666664
2 0.559765625 0.9215277777777777 0.02421875 0.13333333333333333
2 0.4984375 0.2569444444444444 0.0296875 0.05