2 0.41455078125 0.5321180555555556 0.06640625 0.0685763888888889
2 0.306640625 0.5677083333333334 0.041015625 0.06944444444444445
2 0.27783203125 0.5755208333333334 0.0283203125 0.059027777777777776
2 0.2373046875 0.5347222222222222 0.03564453125 0.0703125
2 0.177734375 0.5329861111111112 0.02783203125 0.07378472222222222
2 0.16943359375 0.4618055555555556 0.03125 0.0842013888888889
2 0.13037109375 0.3819444444444444 0.1064453125 0.0625
2 0.37841796875 0.2890625 0.060546875 0.08940972222222222
2 0.529296875 0.3064236111111111 0.03857421875 0.1362847222222222
2 0.50390625 0.11197916666666667 0.1181640625 0.0859375
2 0.94873046875 0.46875 0.10205078125 0.12413194444444445
2 0.759765625 0.4565972222222222 0.1025390625 0.10850694444444445