2 0.58544921875 0.4678819444444444 0.06640625 0.0685763888888889
2 0.693359375 0.4322916666666667 0.041015625 0.06944444444444445
2 0.72216796875 0.4244791666666667 0.0283203125 0.059027777777777776
2 0.7626953125 0.4652777777777778 0.03564453125 0.0703125
2 0.822265625 0.4670138888888889 0.02783203125 0.07378472222222222
2 0.83056640625 0.5381944444444444 0.03125 0.0842013888888889
2 0.86962890625 0.6180555555555556 0.1064453125 0.0625
2 0.62158203125 0.7109375 0.060546875 0.08940972222222222
2 0.470703125 0.6935763888888888 0.03857421875 0.1362847222222222
2 0.49609375 0.8880208333333334 0.1181640625 0.0859375
2 0.05126953125 0.53125 0.10205078125 0.12413194444444445
2 0.240234375 0.5434027777777778 0.1025390625 0.10850694444444445