2 0.37939453125 0.7387152777777778 0.03564453125 0.04600694444444445
2 0.17529296875 0.3697916666666667 0.06591796875 0.08159722222222222
2 0.09033203125 0.5451388888888888 0.04296875 0.043402777777777776
2 0.6064453125 0.4027777777777778 0.04443359375 0.029513888888888888
2 0.7607421875 0.14756944444444445 0.03369140625 0.07118055555555555
2 0.5732421875 0.1154513888888889 0.05224609375 0.059895833333333336
2 0.2333984375 0.1875 0.080078125 0.044270833333333336
2 0.03369140625 0.2534722222222222 0.06689453125 0.08072916666666667
2 0.4111328125 0.4296875 0.0234375 0.036458333333333336
2 0.32666015625 0.03732638888888889 0.044921875 0.046875
2 0.88134765625 0.1032986111111111 0.03369140625 0.034722222222222224
2 0.9482421875 0.057291666666666664 0.0439453125 0.04600694444444445
2 0.94970703125 0.2222222222222222 0.02783203125 0.0390625