2 0.62060546875 0.2612847222222222 0.03564453125 0.04600694444444445
2 0.82470703125 0.6302083333333334 0.06591796875 0.08159722222222222
2 0.90966796875 0.4548611111111111 0.04296875 0.043402777777777776
2 0.3935546875 0.5972222222222222 0.04443359375 0.029513888888888888
2 0.2392578125 0.8524305555555556 0.03369140625 0.07118055555555555
2 0.4267578125 0.8845486111111112 0.05224609375 0.059895833333333336
2 0.7666015625 0.8125 0.080078125 0.044270833333333336
2 0.96630859375 0.7465277777777778 0.06689453125 0.08072916666666667
2 0.5888671875 0.5703125 0.0234375 0.036458333333333336
2 0.67333984375 0.9626736111111112 0.044921875 0.046875
2 0.11865234375 0.8967013888888888 0.03369140625 0.034722222222222224
2 0.0517578125 0.9427083333333334 0.0439453125 0.04600694444444445
2 0.05029296875 0.7777777777777778 0.02783203125 0.0390625