2 0.595703125 0.5251736111111112 0.041015625 0.08940972222222222
2 0.7470703125 0.5868055555555556 0.0498046875 0.07552083333333333
2 0.44140625 0.4375 0.06201171875 0.044270833333333336
2 0.17578125 0.3567708333333333 0.044921875 0.07378472222222222
2 0.28857421875 0.2552083333333333 0.06591796875 0.11024305555555555
2 0.43017578125 0.046875 0.1162109375 0.0842013888888889
2 0.466796875 0.28125 0.0576171875 0.04079861111111111
2 0.77099609375 0.3203125 0.03857421875 0.059895833333333336
2 0.75537109375 0.0859375 0.10107421875 0.0842013888888889
2 0.93017578125 0.2578125 0.05029296875 0.08159722222222222
2 0.2197265625 0.0546875 0.09716796875 0.109375
2 0.2470703125 0.14583333333333334 0.08544921875 0.09461805555555555
2 0.35546875 0.0859375 0.05078125 0.0842013888888889
2 0.400390625 0.14149305555555555 0.16357421875 0.10416666666666667
2 0.3701171875 0.2265625 0.08984375 0.09635416666666667
2 0.30517578125 0.07725694444444445 0.048828125 0.07552083333333333
2 0.55078125 0.1675347222222222 0.048828125 0.09461805555555555
2 0.232421875 0.328125 0.037109375 0.046875