2 0.404296875 0.4748263888888889 0.041015625 0.08940972222222222
2 0.2529296875 0.4131944444444444 0.0498046875 0.07552083333333333
2 0.55859375 0.5625 0.06201171875 0.044270833333333336
2 0.82421875 0.6432291666666666 0.044921875 0.07378472222222222
2 0.71142578125 0.7447916666666666 0.06591796875 0.11024305555555555
2 0.56982421875 0.953125 0.1162109375 0.0842013888888889
2 0.533203125 0.71875 0.0576171875 0.04079861111111111
2 0.22900390625 0.6796875 0.03857421875 0.059895833333333336
2 0.24462890625 0.9140625 0.10107421875 0.0842013888888889
2 0.06982421875 0.7421875 0.05029296875 0.08159722222222222
2 0.7802734375 0.9453125 0.09716796875 0.109375
2 0.7529296875 0.8541666666666666 0.08544921875 0.09461805555555555
2 0.64453125 0.9140625 0.05078125 0.0842013888888889
2 0.599609375 0.8585069444444444 0.16357421875 0.10416666666666667
2 0.6298828125 0.7734375 0.08984375 0.09635416666666667
2 0.69482421875 0.9227430555555556 0.048828125 0.07552083333333333
2 0.44921875 0.8324652777777778 0.048828125 0.09461805555555555
2 0.767578125 0.671875 0.037109375 0.046875