2 0.08544921875 0.3307291666666667 0.12353515625 0.0876736111111111
2 0.42138671875 0.22135416666666666 0.0947265625 0.05642361111111111
2 0.66015625 0.5286458333333334 0.06494140625 0.09809027777777778
2 0.7138671875 0.23524305555555555 0.06298828125 0.043402777777777776
2 0.736328125 0.3298611111111111 0.09716796875 0.06597222222222222
2 0.73828125 0.4435763888888889 0.0810546875 0.109375
2 0.8076171875 0.21788194444444445 0.052734375 0.09635416666666667
2 0.86279296875 0.2560763888888889 0.03271484375 0.09114583333333333
2 0.89013671875 0.3151041666666667 0.03271484375 0.09114583333333333
2 0.5751953125 0.7230902777777778 0.12109375 0.10416666666666667
2 0.91650390625 0.7664930555555556 0.11376953125 0.10069444444444445
2 0.044921875 0.18489583333333334 0.08935546875 0.057291666666666664