2 0.91455078125 0.6692708333333334 0.12353515625 0.0876736111111111
2 0.57861328125 0.7786458333333334 0.0947265625 0.05642361111111111
2 0.33984375 0.4713541666666667 0.06494140625 0.09809027777777778
2 0.2861328125 0.7647569444444444 0.06298828125 0.043402777777777776
2 0.263671875 0.6701388888888888 0.09716796875 0.06597222222222222
2 0.26171875 0.5564236111111112 0.0810546875 0.109375
2 0.1923828125 0.7821180555555556 0.052734375 0.09635416666666667
2 0.13720703125 0.7439236111111112 0.03271484375 0.09114583333333333
2 0.10986328125 0.6848958333333334 0.03271484375 0.09114583333333333
2 0.4248046875 0.2769097222222222 0.12109375 0.10416666666666667
2 0.08349609375 0.23350694444444445 0.11376953125 0.10069444444444445
2 0.955078125 0.8151041666666666 0.08935546875 0.057291666666666664