2 0.60498046875 0.736328125 0.01904296875 0.018229166666666668
2 0.2822265625 0.48828125 0.00830078125 0.014322916666666666
2 0.310546875 0.73046875 0.01611328125 0.017578125
2 0.38720703125 0.6360677083333334 0.009765625 0.01171875
2 0.4130859375 0.7415364583333334 0.015625 0.014322916666666666
2 0.390625 0.69140625 0.02783203125 0.014973958333333334
2 0.431640625 0.7259114583333334 0.01416015625 0.020182291666666668
2 0.666015625 0.3704427083333333 0.015625 0.010416666666666666
2 0.623046875 0.3548177083333333 0.0126953125 0.022135416666666668
2 0.7333984375 0.3151041666666667 0.01123046875 0.014973958333333334
2 0.837890625 0.3509114583333333 0.03076171875 0.021484375
2 0.794921875 0.4641927083333333 0.00830078125 0.009765625
2 0.966796875 0.4563802083333333 0.00537109375 0.013020833333333334
2 0.67919921875 0.7115885416666666 0.05078125 0.034505208333333336
2 0.7177734375 0.7141927083333334 0.009765625 0.012369791666666666