2 0.39501953125 0.263671875 0.01904296875 0.018229166666666668
2 0.7177734375 0.51171875 0.00830078125 0.014322916666666666
2 0.689453125 0.26953125 0.01611328125 0.017578125
2 0.61279296875 0.3639322916666667 0.009765625 0.01171875
2 0.5869140625 0.2584635416666667 0.015625 0.014322916666666666
2 0.609375 0.30859375 0.02783203125 0.014973958333333334
2 0.568359375 0.2740885416666667 0.01416015625 0.020182291666666668
2 0.333984375 0.6295572916666666 0.015625 0.010416666666666666
2 0.376953125 0.6451822916666666 0.0126953125 0.022135416666666668
2 0.2666015625 0.6848958333333334 0.01123046875 0.014973958333333334
2 0.162109375 0.6490885416666666 0.03076171875 0.021484375
2 0.205078125 0.5358072916666666 0.00830078125 0.009765625
2 0.033203125 0.5436197916666666 0.00537109375 0.013020833333333334
2 0.32080078125 0.2884114583333333 0.05078125 0.034505208333333336
2 0.2822265625 0.2858072916666667 0.009765625 0.012369791666666666