2 0.080078125 0.2623697916666667 0.1083984375 0.0703125
2 0.22900390625 0.22265625 0.03564453125 0.03125
2 0.30078125 0.15494791666666666 0.07421875 0.06901041666666667
2 0.44970703125 0.27734375 0.0244140625 0.043619791666666664
2 0.6533203125 0.4479166666666667 0.02099609375 0.020182291666666668
2 0.685546875 0.5345052083333334 0.01953125 0.018229166666666668
2 0.80810546875 0.2766927083333333 0.02783203125 0.032552083333333336
2 0.6083984375 0.23502604166666666 0.02783203125 0.026041666666666668
2 0.56787109375 0.2669270833333333 0.03369140625 0.037109375
2 0.85400390625 0.7526041666666666 0.0126953125 0.026692708333333332
2 0.828125 0.3528645833333333 0.02294921875 0.021484375
2 0.81103515625 0.341796875 0.0146484375 0.016276041666666668
2 0.64990234375 0.337890625 0.05615234375 0.035807291666666664
2 0.41015625 0.5006510416666666 0.03955078125 0.025390625
2 0.79052734375 0.22591145833333334 0.0166015625 0.020833333333333332
2 0.66357421875 0.5260416666666666 0.0166015625 0.013020833333333334
2 0.6826171875 0.44140625 0.01416015625 0.018229166666666668
2 0.06787109375 0.9544270833333334 0.03271484375 0.020833333333333332
2 0.25537109375 0.8880208333333334 0.0322265625 0.051432291666666664
2 0.2578125 0.09765625 0.04931640625 0.044270833333333336