2 0.7080078125 0.138671875 0.0234375 0.047526041666666664
2 0.7587890625 0.234375 0.0517578125 0.09895833333333333
2 0.6669921875 0.4329427083333333 0.03271484375 0.032552083333333336
2 0.5390625 0.7044270833333334 0.01513671875 0.027994791666666668
2 0.47412109375 0.7473958333333334 0.013671875 0.026041666666666668
2 0.66748046875 0.9108072916666666 0.0244140625 0.037109375
2 0.69873046875 0.64453125 0.01953125 0.037109375
2 0.6748046875 0.5904947916666666 0.02783203125 0.044921875
2 0.310546875 0.9720052083333334 0.02001953125 0.016927083333333332
2 0.6103515625 0.9375 0.01611328125 0.030598958333333332
2 0.61865234375 0.9147135416666666 0.01220703125 0.01953125
2 0.62158203125 0.6998697916666666 0.02685546875 0.07486979166666667
2 0.49951171875 0.3802083333333333 0.01904296875 0.052734375
2 0.70556640625 0.8873697916666666 0.015625 0.022135416666666668
2 0.48046875 0.7180989583333334 0.009765625 0.022135416666666668
2 0.5439453125 0.7434895833333334 0.013671875 0.018880208333333332
2 0.208984375 0.173828125 0.03857421875 0.04296875
2 0.8017578125 0.17708333333333334 0.033203125 0.06575520833333333