2 0.919921875 0.7376302083333334 0.1083984375 0.0703125
2 0.77099609375 0.77734375 0.03564453125 0.03125
2 0.69921875 0.8450520833333334 0.07421875 0.06901041666666667
2 0.55029296875 0.72265625 0.0244140625 0.043619791666666664
2 0.3466796875 0.5520833333333334 0.02099609375 0.020182291666666668
2 0.314453125 0.4654947916666667 0.01953125 0.018229166666666668
2 0.19189453125 0.7233072916666666 0.02783203125 0.032552083333333336
2 0.3916015625 0.7649739583333334 0.02783203125 0.026041666666666668
2 0.43212890625 0.7330729166666666 0.03369140625 0.037109375
2 0.14599609375 0.24739583333333334 0.0126953125 0.026692708333333332
2 0.171875 0.6471354166666666 0.02294921875 0.021484375
2 0.18896484375 0.658203125 0.0146484375 0.016276041666666668
2 0.35009765625 0.662109375 0.05615234375 0.035807291666666664
2 0.58984375 0.4993489583333333 0.03955078125 0.025390625
2 0.20947265625 0.7740885416666666 0.0166015625 0.020833333333333332
2 0.33642578125 0.4739583333333333 0.0166015625 0.013020833333333334
2 0.3173828125 0.55859375 0.01416015625 0.018229166666666668
2 0.93212890625 0.045572916666666664 0.03271484375 0.020833333333333332
2 0.74462890625 0.11197916666666667 0.0322265625 0.051432291666666664
2 0.7421875 0.90234375 0.04931640625 0.044270833333333336