2 0.62646484375 0.6015625 0.01904296875 0.020833333333333332
2 0.8857421875 0.552734375 0.02001953125 0.018229166666666668
2 0.77734375 0.51953125 0.03076171875 0.018880208333333332
2 0.87890625 0.62890625 0.021484375 0.025390625
2 0.68896484375 0.298828125 0.0498046875 0.0703125
2 0.81591796875 0.3893229166666667 0.044921875 0.05078125
2 0.7578125 0.3743489583333333 0.0234375 0.016276041666666668
2 0.7939453125 0.4869791666666667 0.0498046875 0.03125
2 0.80419921875 0.6712239583333334 0.0322265625 0.026692708333333332
2 0.66845703125 0.24348958333333334 0.01513671875 0.020182291666666668
2 0.7724609375 0.13606770833333334 0.05322265625 0.060546875
2 0.5400390625 0.390625 0.02880859375 0.020182291666666668
2 0.86279296875 0.6875 0.015625 0.01953125
2 0.73046875 0.697265625 0.01318359375 0.013020833333333334
2 0.68798828125 0.7526041666666666 0.01171875 0.013671875
2 0.7412109375 0.7096354166666666 0.00927734375 0.012369791666666666
2 0.685546875 0.73828125 0.00830078125 0.011067708333333334
2 0.2080078125 0.04296875 0.02294921875 0.052083333333333336
2 0.25732421875 0.13802083333333334 0.01416015625 0.022786458333333332
2 0.1787109375 0.7545572916666666 0.01806640625 0.022135416666666668
2 0.111328125 0.732421875 0.03759765625 0.024088541666666668
1 0.13818359375 0.7584635416666666 0.00830078125 0.013671875
2 0.09716796875 0.7760416666666666 0.00830078125 0.014973958333333334
2 0.10205078125 0.6516927083333334 0.02197265625 0.033854166666666664
2 0.091796875 0.6692708333333334 0.0185546875 0.014973958333333334
2 0.05810546875 0.5651041666666666 0.029296875 0.04296875
1 0.1923828125 0.7545572916666666 0.01025390625 0.013671875
1 0.18505859375 0.7486979166666666 0.00927734375 0.009765625
1 0.18603515625 0.7408854166666666 0.02099609375 0.022135416666666668
2 0.27197265625 0.6334635416666666 0.029296875 0.026692708333333332
2 0.17333984375 0.3313802083333333 0.0107421875 0.01953125
2 0.18212890625 0.3483072916666667 0.013671875 0.021484375
2 0.1552734375 0.3626302083333333 0.02001953125 0.018229166666666668
2 0.0869140625 0.955078125 0.02294921875 0.015625
2 0.09228515625 0.9661458333333334 0.01171875 0.013671875
1 0.06884765625 0.826171875 0.01025390625 0.013671875
2 0.154296875 0.6712239583333334 0.01513671875 0.01171875
2 0.0859375 0.654296875 0.0107421875 0.017578125
2 0.0830078125 0.03515625 0.01953125 0.0234375
2 0.8916015625 0.3424479166666667 0.02001953125 0.025390625
2 0.84814453125 0.310546875 0.0302734375 0.04296875
2 0.8046875 0.3118489583333333 0.04638671875 0.043619791666666664
2 0.85009765625 0.2740885416666667 0.02001953125 0.031901041666666664