2 0.37353515625 0.3984375 0.01904296875 0.020833333333333332
2 0.1142578125 0.447265625 0.02001953125 0.018229166666666668
2 0.22265625 0.48046875 0.03076171875 0.018880208333333332
2 0.12109375 0.37109375 0.021484375 0.025390625
2 0.31103515625 0.701171875 0.0498046875 0.0703125
2 0.18408203125 0.6106770833333334 0.044921875 0.05078125
2 0.2421875 0.6256510416666666 0.0234375 0.016276041666666668
2 0.2060546875 0.5130208333333334 0.0498046875 0.03125
2 0.19580078125 0.3287760416666667 0.0322265625 0.026692708333333332
2 0.33154296875 0.7565104166666666 0.01513671875 0.020182291666666668
2 0.2275390625 0.8639322916666666 0.05322265625 0.060546875
2 0.4599609375 0.609375 0.02880859375 0.020182291666666668
2 0.13720703125 0.3125 0.015625 0.01953125
2 0.26953125 0.302734375 0.01318359375 0.013020833333333334
2 0.31201171875 0.24739583333333334 0.01171875 0.013671875
2 0.2587890625 0.2903645833333333 0.00927734375 0.012369791666666666
2 0.314453125 0.26171875 0.00830078125 0.011067708333333334
2 0.7919921875 0.95703125 0.02294921875 0.052083333333333336
2 0.74267578125 0.8619791666666666 0.01416015625 0.022786458333333332
2 0.8212890625 0.24544270833333334 0.01806640625 0.022135416666666668
2 0.888671875 0.267578125 0.03759765625 0.024088541666666668
1 0.86181640625 0.24153645833333334 0.00830078125 0.013671875
2 0.90283203125 0.22395833333333334 0.00830078125 0.014973958333333334
2 0.89794921875 0.3483072916666667 0.02197265625 0.033854166666666664
2 0.908203125 0.3307291666666667 0.0185546875 0.014973958333333334
2 0.94189453125 0.4348958333333333 0.029296875 0.04296875
1 0.8076171875 0.24544270833333334 0.01025390625 0.013671875
1 0.81494140625 0.2513020833333333 0.00927734375 0.009765625
1 0.81396484375 0.2591145833333333 0.02099609375 0.022135416666666668
2 0.72802734375 0.3665364583333333 0.029296875 0.026692708333333332
2 0.82666015625 0.6686197916666666 0.0107421875 0.01953125
2 0.81787109375 0.6516927083333334 0.013671875 0.021484375
2 0.8447265625 0.6373697916666666 0.02001953125 0.018229166666666668
2 0.9130859375 0.044921875 0.02294921875 0.015625
2 0.90771484375 0.033854166666666664 0.01171875 0.013671875
1 0.93115234375 0.173828125 0.01025390625 0.013671875
2 0.845703125 0.3287760416666667 0.01513671875 0.01171875
2 0.9140625 0.345703125 0.0107421875 0.017578125
2 0.9169921875 0.96484375 0.01953125 0.0234375
2 0.1083984375 0.6575520833333334 0.02001953125 0.025390625
2 0.15185546875 0.689453125 0.0302734375 0.04296875
2 0.1953125 0.6881510416666666 0.04638671875 0.043619791666666664
2 0.14990234375 0.7259114583333334 0.02001953125 0.031901041666666664