2 0.06591796875 0.027994791666666668 0.02001953125 0.018880208333333332
2 0.06494140625 0.041015625 0.0087890625 0.013020833333333334
2 0.3876953125 0.4752604166666667 0.021484375 0.025390625
2 0.47265625 0.6842447916666666 0.025390625 0.016276041666666668
2 0.830078125 0.3177083333333333 0.017578125 0.022135416666666668
1 0.81689453125 0.3177083333333333 0.0107421875 0.010416666666666666
2 0.9560546875 0.5065104166666666 0.029296875 0.044921875
2 0.8984375 0.3385416666666667 0.03662109375 0.025390625
2 0.91357421875 0.419921875 0.0234375 0.033854166666666664
2 0.91845703125 0.4016927083333333 0.02001953125 0.016276041666666668
2 0.92578125 0.4166666666666667 0.009765625 0.017578125
1 0.8701171875 0.3131510416666667 0.00830078125 0.008463541666666666
2 0.91650390625 0.12174479166666667 0.0224609375 0.012369791666666666
2 0.91064453125 0.11197916666666667 0.01318359375 0.011067708333333334
2 0.7734375 0.3046875 0.0107421875 0.011067708333333334
2 0.73779296875 0.3509114583333333 0.02783203125 0.033854166666666664
2 0.322265625 0.7760416666666666 0.0537109375 0.07877604166666667
2 0.3427734375 0.8333333333333334 0.0146484375 0.016276041666666668
2 0.25390625 0.701171875 0.0224609375 0.013020833333333334
1 0.279296875 0.6627604166666666 0.10400390625 0.020182291666666668
2 0.197265625 0.4986979166666667 0.01318359375 0.020182291666666668
2 0.1552734375 0.390625 0.0146484375 0.016927083333333332
2 0.23681640625 0.5559895833333334 0.03271484375 0.017578125
2 0.28515625 0.3795572916666667 0.013671875 0.01171875