2 0.5185546875 0.3502604166666667 0.01904296875 0.028645833333333332
2 0.36181640625 0.4635416666666667 0.01220703125 0.033854166666666664
2 0.63671875 0.9401041666666666 0.0166015625 0.0234375
1 0.63671875 0.9225260416666666 0.0078125 0.014322916666666666
1 0.64013671875 0.9934895833333334 0.00634765625 0.011067708333333334
2 0.646484375 0.8645833333333334 0.00830078125 0.014322916666666666
2 0.61181640625 0.8170572916666666 0.025390625 0.037109375
2 0.29296875 0.2630208333333333 0.05908203125 0.07161458333333333
2 0.25 0.2903645833333333 0.01220703125 0.01953125
2 0.34912109375 0.171875 0.009765625 0.029947916666666668
1 0.3779296875 0.20572916666666666 0.01513671875 0.138671875
2 0.5009765625 0.09635416666666667 0.01513671875 0.017578125
2 0.58203125 0.040364583333333336 0.0126953125 0.01953125
2 0.4580078125 0.14908854166666666 0.01318359375 0.043619791666666664
2 0.59033203125 0.21354166666666666 0.0087890625 0.018229166666666668