2 0.33056640625 0.474609375 0.025390625 0.03125
1 0.29736328125 0.4733072916666667 0.00830078125 0.013671875
2 0.20458984375 0.591796875 0.029296875 0.040364583333333336
1 0.25927734375 0.5091145833333334 0.01220703125 0.009765625
2 0.27001953125 0.4986979166666667 0.021484375 0.01171875
2 0.3740234375 0.5260416666666666 0.01806640625 0.024088541666666668
2 0.369140625 0.5130208333333334 0.0166015625 0.008463541666666666
2 0.4326171875 0.564453125 0.0302734375 0.024739583333333332
2 0.521484375 0.4251302083333333 0.02392578125 0.028645833333333332
2 0.64111328125 0.5423177083333334 0.05712890625 0.057291666666666664
2 0.43603515625 0.8196614583333334 0.01513671875 0.01953125
2 0.44873046875 0.8268229166666666 0.01220703125 0.016276041666666668
2 0.2685546875 0.515625 0.02099609375 0.01171875