2 0.66943359375 0.525390625 0.025390625 0.03125
1 0.70263671875 0.5266927083333334 0.00830078125 0.013671875
2 0.79541015625 0.408203125 0.029296875 0.040364583333333336
1 0.74072265625 0.4908854166666667 0.01220703125 0.009765625
2 0.72998046875 0.5013020833333334 0.021484375 0.01171875
2 0.6259765625 0.4739583333333333 0.01806640625 0.024088541666666668
2 0.630859375 0.4869791666666667 0.0166015625 0.008463541666666666
2 0.5673828125 0.435546875 0.0302734375 0.024739583333333332
2 0.478515625 0.5748697916666666 0.02392578125 0.028645833333333332
2 0.35888671875 0.4576822916666667 0.05712890625 0.057291666666666664
2 0.56396484375 0.18033854166666666 0.01513671875 0.01953125
2 0.55126953125 0.17317708333333334 0.01220703125 0.016276041666666668
2 0.7314453125 0.484375 0.02099609375 0.01171875