2 0.51904296875 0.2740885416666667 0.0234375 0.033854166666666664
1 0.52001953125 0.22981770833333334 0.01025390625 0.011067708333333334
2 0.43115234375 0.10611979166666667 0.0302734375 0.0390625
1 0.4931640625 0.17903645833333334 0.00732421875 0.016276041666666668
2 0.5009765625 0.193359375 0.0087890625 0.028645833333333332
2 0.48046875 0.33203125 0.01806640625 0.024088541666666668
2 0.490234375 0.3255208333333333 0.00634765625 0.022135416666666668
2 0.45166015625 0.41015625 0.0185546875 0.040364583333333336
2 0.55615234375 0.5286458333333334 0.021484375 0.031901041666666664
2 0.46826171875 0.6881510416666666 0.04296875 0.076171875
2 0.26025390625 0.4147135416666667 0.0146484375 0.020182291666666668
2 0.2548828125 0.431640625 0.01220703125 0.016276041666666668
2 0.48828125 0.19140625 0.0087890625 0.027994791666666668