2 0.61572265625 0.6217447916666666 0.0517578125 0.053385416666666664
2 0.50341796875 0.4915364583333333 0.02294921875 0.02734375
2 0.40478515625 0.626953125 0.0302734375 0.025390625
2 0.34814453125 0.580078125 0.0146484375 0.025390625
2 0.34326171875 0.5677083333333334 0.01806640625 0.009114583333333334
2 0.24365234375 0.5442708333333334 0.021484375 0.012369791666666666
2 0.18896484375 0.568359375 0.0126953125 0.009765625
2 0.3056640625 0.5266927083333334 0.02978515625 0.032552083333333336
1 0.23291015625 0.5540364583333334 0.01123046875 0.007161458333333333
2 0.4921875 0.6536458333333334 0.01611328125 0.015625
1 0.24072265625 0.5533854166666666 0.00732421875 0.008463541666666666
2 0.22412109375 0.5546875 0.0068359375 0.016927083333333332
2 0.24365234375 0.5618489583333334 0.0244140625 0.013020833333333334
1 0.2744140625 0.5208333333333334 0.00634765625 0.011067708333333334
2 0.404296875 0.9049479166666666 0.01220703125 0.016927083333333332
2 0.39404296875 0.8984375 0.01025390625 0.020833333333333332
2 0.92578125 0.5924479166666666 0.02734375 0.028645833333333332