2 0.40869140625 0.654296875 0.0400390625 0.06901041666666667
2 0.50634765625 0.5045572916666666 0.0205078125 0.030598958333333332
2 0.40478515625 0.373046875 0.01904296875 0.040364583333333336
2 0.43994140625 0.2975260416666667 0.01904296875 0.01953125
2 0.44921875 0.291015625 0.0068359375 0.024088541666666668
2 0.466796875 0.158203125 0.00927734375 0.028645833333333332
2 0.44873046875 0.08528645833333333 0.00732421875 0.016927083333333332
2 0.47998046875 0.24088541666666666 0.0244140625 0.039713541666666664
1 0.45947265625 0.14388020833333334 0.00537109375 0.014973958333333334
2 0.384765625 0.4895833333333333 0.01171875 0.021484375
1 0.4599609375 0.154296875 0.00634765625 0.009765625
2 0.458984375 0.13216145833333334 0.0126953125 0.009114583333333334
2 0.45361328125 0.158203125 0.009765625 0.032552083333333336
1 0.484375 0.19921875 0.00830078125 0.008463541666666666
2 0.1962890625 0.3723958333333333 0.0126953125 0.016276041666666668
2 0.201171875 0.3587239583333333 0.015625 0.013671875