2 0.38427734375 0.3782552083333333 0.0517578125 0.053385416666666664
2 0.49658203125 0.5084635416666666 0.02294921875 0.02734375
2 0.59521484375 0.373046875 0.0302734375 0.025390625
2 0.65185546875 0.419921875 0.0146484375 0.025390625
2 0.65673828125 0.4322916666666667 0.01806640625 0.009114583333333334
2 0.75634765625 0.4557291666666667 0.021484375 0.012369791666666666
2 0.81103515625 0.431640625 0.0126953125 0.009765625
2 0.6943359375 0.4733072916666667 0.02978515625 0.032552083333333336
1 0.76708984375 0.4459635416666667 0.01123046875 0.007161458333333333
2 0.5078125 0.3463541666666667 0.01611328125 0.015625
1 0.75927734375 0.4466145833333333 0.00732421875 0.008463541666666666
2 0.77587890625 0.4453125 0.0068359375 0.016927083333333332
2 0.75634765625 0.4381510416666667 0.0244140625 0.013020833333333334
1 0.7255859375 0.4791666666666667 0.00634765625 0.011067708333333334
2 0.595703125 0.09505208333333333 0.01220703125 0.016927083333333332
2 0.60595703125 0.1015625 0.01025390625 0.020833333333333332
2 0.07421875 0.4075520833333333 0.02734375 0.028645833333333332