2 0.3583984375 0.599609375 0.05615234375 0.026041666666666668
2 0.27880859375 0.548828125 0.04443359375 0.0546875
2 0.1845703125 0.6764322916666666 0.02099609375 0.033203125
2 0.19140625 0.55859375 0.0205078125 0.0390625
2 0.2177734375 0.5690104166666666 0.029296875 0.01953125
2 0.2685546875 0.611328125 0.017578125 0.04296875
2 0.33154296875 0.5651041666666666 0.025390625 0.036458333333333336
2 0.35498046875 0.5631510416666666 0.0244140625 0.048177083333333336
2 0.04736328125 0.703125 0.0166015625 0.035807291666666664
2 0.0595703125 0.7076822916666666 0.01904296875 0.037760416666666664
2 0.181640625 0.6015625 0.02783203125 0.042317708333333336
2 0.02685546875 0.6868489583333334 0.0234375 0.032552083333333336
2 0.37744140625 0.6243489583333334 0.015625 0.024739583333333332