2 0.4111328125 0.125 0.02294921875 0.024739583333333332
2 0.50439453125 0.2532552083333333 0.0390625 0.061197916666666664
2 0.4658203125 0.3580729166666667 0.02001953125 0.06966145833333333
2 0.49072265625 0.3255208333333333 0.02490234375 0.032552083333333336
2 0.4580078125 0.23958333333333334 0.03125 0.025390625
2 0.49658203125 0.13736979166666666 0.02783203125 0.028645833333333332
2 0.466796875 0.12434895833333333 0.029296875 0.034505208333333336
2 0.447265625 0.3841145833333333 0.017578125 0.020833333333333332
2 0.46044921875 0.10416666666666667 0.02294921875 0.026692708333333332
2 0.49169921875 0.169921875 0.015625 0.034505208333333336
2 0.62744140625 0.6673177083333334 0.01953125 0.048177083333333336
2 0.49365234375 0.3561197916666667 0.03076171875 0.033203125
2 0.40869140625 0.039713541666666664 0.02001953125 0.018880208333333332