2 0.04296875 0.5983072916666666 0.021484375 0.032552083333333336
2 0.02685546875 0.61328125 0.0244140625 0.038411458333333336
2 0.06201171875 0.625 0.02392578125 0.032552083333333336
2 0.08349609375 0.642578125 0.017578125 0.042317708333333336
2 0.0947265625 0.6484375 0.02099609375 0.035807291666666664
2 0.21875 0.6184895833333334 0.0185546875 0.030598958333333332
2 0.31494140625 0.494140625 0.0458984375 0.052083333333333336
2 0.3935546875 0.5455729166666666 0.05224609375 0.026692708333333332
2 0.369140625 0.5123697916666666 0.0244140625 0.033203125
2 0.3046875 0.5559895833333334 0.01904296875 0.041666666666666664
2 0.22802734375 0.5045572916666666 0.021484375 0.037109375
2 0.21826171875 0.5442708333333334 0.02587890625 0.0390625
2 0.4130859375 0.5703125 0.015625 0.0234375
2 0.10595703125 0.5748697916666666 0.01513671875 0.029296875
2 0.203125 0.552734375 0.02001953125 0.030598958333333332
2 0.25244140625 0.5110677083333334 0.02587890625 0.020833333333333332
2 0.62548828125 0.330078125 0.0361328125 0.026041666666666668
2 0.39208984375 0.5084635416666666 0.02490234375 0.041015625
2 0.15478515625 0.6217447916666666 0.01416015625 0.026692708333333332