2 0.06494140625 0.6282552083333334 0.0166015625 0.030598958333333332
2 0.048828125 0.642578125 0.02197265625 0.0390625
2 0.23974609375 0.654296875 0.01611328125 0.034505208333333336
2 0.1044921875 0.673828125 0.01806640625 0.033203125
2 0.1162109375 0.6790364583333334 0.01953125 0.032552083333333336
2 0.13330078125 0.6484375 0.04296875 0.033203125
2 0.1279296875 0.60546875 0.0146484375 0.022786458333333332
2 0.32568359375 0.5930989583333334 0.01611328125 0.04296875
2 0.22509765625 0.5885416666666666 0.015625 0.029296875
2 0.240234375 0.5768229166666666 0.02294921875 0.043619791666666664
2 0.25048828125 0.5390625 0.01953125 0.035807291666666664
2 0.27294921875 0.546875 0.0302734375 0.01953125
2 0.3388671875 0.5325520833333334 0.04248046875 0.0546875
2 0.4150390625 0.5846354166666666 0.05322265625 0.024739583333333332
2 0.39013671875 0.5514322916666666 0.02294921875 0.032552083333333336
2 0.41162109375 0.5494791666666666 0.02197265625 0.04296875
2 0.43408203125 0.6126302083333334 0.01318359375 0.0234375
2 0.65087890625 0.3802083333333333 0.033203125 0.020833333333333332
2 0.55126953125 0.4557291666666667 0.0224609375 0.035807291666666664
2 0.3095703125 0.443359375 0.02880859375 0.015625
2 0.3037109375 0.455078125 0.03857421875 0.029296875