2 0.38427734375 0.15299479166666666 0.02587890625 0.021484375
2 0.388427734375 0.019856770833333332 0.02490234375 0.039713541666666664
2 0.420654296875 0.0068359375 0.01708984375 0.013671875
2 0.43017578125 0.267578125 0.0322265625 0.021484375
2 0.43359375 0.13346354166666666 0.02197265625 0.020833333333333332
2 0.4423828125 0.15364583333333334 0.03271484375 0.030598958333333332
2 0.470703125 0.16731770833333334 0.02685546875 0.026041666666666668
2 0.46484375 0.197265625 0.0146484375 0.040364583333333336
2 0.4755859375 0.28515625 0.041015625 0.056640625
2 0.4365234375 0.38671875 0.0185546875 0.07096354166666667
2 0.46142578125 0.353515625 0.0244140625 0.030598958333333332
2 0.462890625 0.3821614583333333 0.0322265625 0.029296875
2 0.41552734375 0.412109375 0.017578125 0.017578125
2 0.58984375 0.701171875 0.015625 0.044270833333333336
2 0.533203125 0.568359375 0.02685546875 0.029947916666666668
2 0.54248046875 0.24609375 0.01171875 0.038411458333333336
2 0.53369140625 0.23828125 0.02197265625 0.051432291666666664