2 0.31103515625 0.5625 0.02880859375 0.016276041666666668
2 0.33154296875 0.5638020833333334 0.01611328125 0.012369791666666666
2 0.41650390625 0.5260416666666666 0.01025390625 0.013020833333333334
2 0.36376953125 0.5143229166666666 0.01513671875 0.010416666666666666
2 0.50830078125 0.576171875 0.01904296875 0.014973958333333334
2 0.58984375 0.603515625 0.0234375 0.020182291666666668
2 0.56982421875 0.59765625 0.01904296875 0.013020833333333334
2 0.71435546875 0.59765625 0.02392578125 0.020182291666666668
2 0.6904296875 0.6184895833333334 0.02099609375 0.026692708333333332
2 0.6650390625 0.6223958333333334 0.0361328125 0.01171875
2 0.8212890625 0.5657552083333334 0.02197265625 0.012369791666666666
2 0.8671875 0.6223958333333334 0.05322265625 0.020833333333333332
2 0.890625 0.5904947916666666 0.044921875 0.021484375
2 0.91796875 0.5983072916666666 0.04248046875 0.018229166666666668
2 0.921875 0.6569010416666666 0.0341796875 0.017578125
2 0.91064453125 0.6360677083333334 0.0234375 0.016927083333333332
2 0.888671875 0.658203125 0.01611328125 0.0234375
2 0.89404296875 0.67578125 0.02880859375 0.033203125
2 0.9462890625 0.6848958333333334 0.01611328125 0.029296875
2 0.79443359375 0.591796875 0.02392578125 0.025390625
2 0.806640625 0.6412760416666666 0.01904296875 0.027994791666666668
2 0.86572265625 0.6041666666666666 0.03564453125 0.020182291666666668
2 0.62451171875 0.5794270833333334 0.021484375 0.013671875
2 0.650390625 0.568359375 0.01953125 0.013671875
2 0.54931640625 0.5709635416666666 0.0205078125 0.01171875
2 0.60791015625 0.5924479166666666 0.0263671875 0.017578125
2 0.6513671875 0.591796875 0.02392578125 0.022786458333333332
2 0.5888671875 0.5904947916666666 0.00927734375 0.014322916666666666
2 0.923828125 0.6263020833333334 0.02880859375 0.024739583333333332
2 0.6728515625 0.59765625 0.0263671875 0.022786458333333332