2 0.546875 0.751953125 0.01220703125 0.038411458333333336
2 0.5478515625 0.724609375 0.00927734375 0.021484375
2 0.51953125 0.611328125 0.009765625 0.013671875
2 0.5107421875 0.681640625 0.0078125 0.020182291666666668
2 0.55712890625 0.4889322916666667 0.01123046875 0.025390625
2 0.57763671875 0.3802083333333333 0.01513671875 0.03125
2 0.5732421875 0.4069010416666667 0.009765625 0.025390625
2 0.5732421875 0.21419270833333334 0.01513671875 0.031901041666666664
2 0.5888671875 0.24609375 0.02001953125 0.027994791666666668
2 0.591796875 0.2799479166666667 0.0087890625 0.048177083333333336
2 0.54931640625 0.07161458333333333 0.00927734375 0.029296875
2 0.591796875 0.022786458333333332 0.015625 0.045572916666666664
2 0.56884765625 0.107421875 0.01904296875 0.031901041666666664
2 0.60595703125 0.09114583333333333 0.02099609375 0.025390625
2 0.577880859375 0.017903645833333332 0.01513671875 0.035807291666666664
2 0.5595703125 0.333984375 0.01025390625 0.028645833333333332
2 0.55126953125 0.2994791666666667 0.01025390625 0.026041666666666668
2 0.55322265625 0.4342447916666667 0.0087890625 0.02734375
2 0.5693359375 0.3561197916666667 0.01318359375 0.03515625
2 0.56884765625 0.2981770833333333 0.01708984375 0.031901041666666664
2 0.56787109375 0.3815104166666667 0.0107421875 0.012369791666666666
2 0.5732421875 0.26953125 0.01708984375 0.03515625