2 0.68896484375 0.4375 0.02880859375 0.016276041666666668
2 0.66845703125 0.4361979166666667 0.01611328125 0.012369791666666666
2 0.58349609375 0.4739583333333333 0.01025390625 0.013020833333333334
2 0.63623046875 0.4856770833333333 0.01513671875 0.010416666666666666
2 0.49169921875 0.423828125 0.01904296875 0.014973958333333334
2 0.41015625 0.396484375 0.0234375 0.020182291666666668
2 0.43017578125 0.40234375 0.01904296875 0.013020833333333334
2 0.28564453125 0.40234375 0.02392578125 0.020182291666666668
2 0.3095703125 0.3815104166666667 0.02099609375 0.026692708333333332
2 0.3349609375 0.3776041666666667 0.0361328125 0.01171875
2 0.1787109375 0.4342447916666667 0.02197265625 0.012369791666666666
2 0.1328125 0.3776041666666667 0.05322265625 0.020833333333333332
2 0.109375 0.4095052083333333 0.044921875 0.021484375
2 0.08203125 0.4016927083333333 0.04248046875 0.018229166666666668
2 0.078125 0.3430989583333333 0.0341796875 0.017578125
2 0.08935546875 0.3639322916666667 0.0234375 0.016927083333333332
2 0.111328125 0.341796875 0.01611328125 0.0234375
2 0.10595703125 0.32421875 0.02880859375 0.033203125
2 0.0537109375 0.3151041666666667 0.01611328125 0.029296875
2 0.20556640625 0.408203125 0.02392578125 0.025390625
2 0.193359375 0.3587239583333333 0.01904296875 0.027994791666666668
2 0.13427734375 0.3958333333333333 0.03564453125 0.020182291666666668
2 0.37548828125 0.4205729166666667 0.021484375 0.013671875
2 0.349609375 0.431640625 0.01953125 0.013671875
2 0.45068359375 0.4290364583333333 0.0205078125 0.01171875
2 0.39208984375 0.4075520833333333 0.0263671875 0.017578125
2 0.3486328125 0.408203125 0.02392578125 0.022786458333333332
2 0.4111328125 0.4095052083333333 0.00927734375 0.014322916666666666
2 0.076171875 0.3736979166666667 0.02880859375 0.024739583333333332
2 0.3271484375 0.40234375 0.0263671875 0.022786458333333332