2 0.421875 0.8221153846153846 0.07451923076923077 0.057692307692307696
2 0.5120192307692307 0.7728365384615384 0.040865384615384616 0.04567307692307692
2 0.8173076923076923 0.7680288461538461 0.0673076923076923 0.06490384615384616
2 0.36658653846153844 0.7668269230769231 0.16105769230769232 0.07692307692307693
2 0.7860576923076923 0.6658653846153846 0.1466346153846154 0.10096153846153846
2 0.7259615384615384 0.9615384615384616 0.06971153846153846 0.055288461538461536
2 0.8028846153846154 0.9471153846153846 0.0625 0.055288461538461536
2 0.15504807692307693 0.04447115384615385 0.10096153846153846 0.0673076923076923
2 0.65625 0.8641826923076923 0.07932692307692307 0.08173076923076923
2 0.7680288461538461 0.984375 0.07692307692307693 0.03125
2 0.5685096153846154 0.8365384615384616 0.08413461538461539 0.04807692307692308