2 0.1778846153846154 0.421875 0.057692307692307696 0.07451923076923077
2 0.22716346153846154 0.5120192307692307 0.04567307692307692 0.040865384615384616
2 0.23197115384615385 0.8173076923076923 0.06490384615384616 0.0673076923076923
2 0.23317307692307693 0.36658653846153844 0.07692307692307693 0.16105769230769232
2 0.33413461538461536 0.7860576923076923 0.10096153846153846 0.1466346153846154
2 0.038461538461538464 0.7259615384615384 0.055288461538461536 0.06971153846153846
2 0.052884615384615384 0.8028846153846154 0.055288461538461536 0.0625
2 0.9555288461538461 0.15504807692307693 0.0673076923076923 0.10096153846153846
2 0.13581730769230768 0.65625 0.08173076923076923 0.07932692307692307
2 0.015625 0.7680288461538461 0.03125 0.07692307692307693
2 0.16346153846153846 0.5685096153846154 0.04807692307692308 0.08413461538461539