2 0.20793269230769232 0.8665865384615384 0.1201923076923077 0.15144230769230768
2 0.3870192307692308 0.6322115384615384 0.10336538461538461 0.125
2 0.42908653846153844 0.7668269230769231 0.14903846153846154 0.14903846153846154
2 0.5072115384615384 0.20192307692307693 0.1971153846153846 0.19951923076923078
2 0.5240384615384616 0.5444711538461539 0.09375 0.11298076923076923
2 0.5504807692307693 0.6346153846153846 0.08413461538461539 0.06971153846153846
2 0.5745192307692307 0.8942307692307693 0.07932692307692307 0.11778846153846154
2 0.5793269230769231 0.7824519230769231 0.07692307692307693 0.11298076923076923
2 0.6310096153846154 0.07211538461538461 0.16105769230769232 0.13942307692307693
2 0.12620192307692307 0.8221153846153846 0.0673076923076923 0.08653846153846154
2 0.17067307692307693 0.7331730769230769 0.07451923076923077 0.10096153846153846