2 0.13341346153846154 0.20793269230769232 0.15144230769230768 0.1201923076923077
2 0.3673798076923077 0.38661057692307693 0.12420673076923078 0.10418269230769231
2 0.23317307692307693 0.42908653846153844 0.14903846153846154 0.14903846153846154
2 0.7980769230769231 0.5072115384615384 0.19951923076923078 0.1971153846153846
2 0.45552884615384615 0.5240384615384616 0.11298076923076923 0.09375
2 0.36538461538461536 0.5504807692307693 0.06971153846153846 0.08413461538461539
2 0.10576923076923077 0.5745192307692307 0.11778846153846154 0.07932692307692307
2 0.21754807692307693 0.5793269230769231 0.11298076923076923 0.07692307692307693
2 0.9278846153846154 0.6310096153846154 0.13942307692307693 0.16105769230769232
2 0.1778846153846154 0.12620192307692307 0.08653846153846154 0.0673076923076923
2 0.2668269230769231 0.17067307692307693 0.10096153846153846 0.07451923076923077