2 0.3896484375 0.6145833333333334 0.08349609375 0.0546875
2 0.4287109375 0.5755208333333334 0.02783203125 0.050130208333333336
2 0.55517578125 0.669921875 0.08642578125 0.037109375
2 0.62451171875 0.6953125 0.103515625 0.048828125
2 0.6455078125 0.6790364583333334 0.09912109375 0.049479166666666664
2 0.7529296875 0.8346354166666666 0.09814453125 0.052734375
2 0.74560546875 0.9114583333333334 0.140625 0.10611979166666667
2 0.69580078125 0.791015625 0.11767578125 0.0859375
2 0.7685546875 0.55078125 0.04345703125 0.021484375
2 0.80615234375 0.564453125 0.0673828125 0.033854166666666664
2 0.84130859375 0.568359375 0.05859375 0.027994791666666668
2 0.22998046875 0.4557291666666667 0.044921875 0.022786458333333332
2 0.16748046875 0.8190104166666666 0.05078125 0.08463541666666667
2 0.21875 0.87890625 0.13525390625 0.068359375
2 0.2763671875 0.9147135416666666 0.130859375 0.07356770833333333
2 0.46337890625 0.8125 0.06640625 0.041666666666666664
2 0.52001953125 0.716796875 0.08544921875 0.046223958333333336
2 0.55810546875 0.71875 0.0634765625 0.03515625
2 0.91455078125 0.74609375 0.1005859375 0.046223958333333336
2 0.74267578125 0.5709635416666666 0.05224609375 0.028645833333333332