2 0.6103515625 0.3854166666666667 0.08349609375 0.0546875
2 0.5712890625 0.4244791666666667 0.02783203125 0.050130208333333336
2 0.44482421875 0.330078125 0.08642578125 0.037109375
2 0.37548828125 0.3046875 0.103515625 0.048828125
2 0.3544921875 0.3209635416666667 0.09912109375 0.049479166666666664
2 0.2470703125 0.16536458333333334 0.09814453125 0.052734375
2 0.25439453125 0.08854166666666667 0.140625 0.10611979166666667
2 0.30419921875 0.208984375 0.11767578125 0.0859375
2 0.2314453125 0.44921875 0.04345703125 0.021484375
2 0.19384765625 0.435546875 0.0673828125 0.033854166666666664
2 0.15869140625 0.431640625 0.05859375 0.027994791666666668
2 0.77001953125 0.5442708333333334 0.044921875 0.022786458333333332
2 0.83251953125 0.18098958333333334 0.05078125 0.08463541666666667
2 0.78125 0.12109375 0.13525390625 0.068359375
2 0.7236328125 0.08528645833333333 0.130859375 0.07356770833333333
2 0.53662109375 0.1875 0.06640625 0.041666666666666664
2 0.47998046875 0.283203125 0.08544921875 0.046223958333333336
2 0.44189453125 0.28125 0.0634765625 0.03515625
2 0.08544921875 0.25390625 0.1005859375 0.046223958333333336
2 0.25732421875 0.4290364583333333 0.05224609375 0.028645833333333332