2 0.9130859375 0.5462239583333334 0.0380859375 0.057291666666666664
2 0.869140625 0.5319010416666666 0.06103515625 0.068359375
2 0.8330078125 0.552734375 0.0498046875 0.053385416666666664
2 0.787109375 0.6393229166666666 0.05322265625 0.05078125
2 0.7197265625 0.623046875 0.12548828125 0.064453125
2 0.75390625 0.4388020833333333 0.060546875 0.039713541666666664
2 0.60400390625 0.6328125 0.12158203125 0.057942708333333336
2 0.52001953125 0.5084635416666666 0.02978515625 0.056640625
2 0.41748046875 0.5865885416666666 0.08349609375 0.055989583333333336
2 0.22314453125 0.4596354166666667 0.0478515625 0.057291666666666664
2 0.12744140625 0.23828125 0.05126953125 0.037109375
2 0.2763671875 0.2721354166666667 0.0380859375 0.021484375
2 0.48681640625 0.4635416666666667 0.07666015625 0.050130208333333336
2 0.4765625 0.4329427083333333 0.0439453125 0.03125
2 0.41796875 0.6901041666666666 0.083984375 0.06575520833333333
2 0.537109375 0.6985677083333334 0.072265625 0.040364583333333336
2 0.30615234375 0.4856770833333333 0.05078125 0.044270833333333336
2 0.32275390625 0.427734375 0.06005859375 0.049479166666666664
2 0.05322265625 0.24283854166666666 0.0458984375 0.028645833333333332