2 0.475830078125 0.9755859375 0.05126953125 0.048828125
2 0.46044921875 0.9440104166666666 0.0400390625 0.06640625
2 0.3955078125 0.8828125 0.0380859375 0.07096354166666667
2 0.40771484375 0.79296875 0.04833984375 0.16731770833333334
2 0.5458984375 0.8385416666666666 0.02978515625 0.08072916666666667
2 0.400390625 0.638671875 0.04345703125 0.162109375
2 0.49365234375 0.5266927083333334 0.04248046875 0.039713541666666664
2 0.43505859375 0.3899739583333333 0.0419921875 0.111328125
2 0.5302734375 0.130859375 0.04296875 0.06380208333333333
2 0.696044921875 0.0185546875 0.02783203125 0.037109375
2 0.6708984375 0.20182291666666666 0.01611328125 0.05078125
2 0.52734375 0.482421875 0.03759765625 0.10221354166666667
2 0.55029296875 0.46875 0.0234375 0.05859375
2 0.357421875 0.390625 0.04931640625 0.11197916666666667
2 0.35107421875 0.5494791666666666 0.0302734375 0.09635416666666667
2 0.5107421875 0.24153645833333334 0.033203125 0.06770833333333333
2 0.55419921875 0.263671875 0.037109375 0.080078125